(
    (0 0.0)
    (3600 3.11709304185)
    (7200 4.40823525497)
    (10800 5.39896352041)
    (14400 6.23418608371)
    (18000 6.97003193377)
    (21600 7.63528743332)
    (25200 8.24705300219)
    (28800 8.81647050993)
    (32400 9.35127912556)
    (36000 9.85711369092)
    (39600 10.3382280565)
    (43200 10.7979270408)
    (46800 11.2388387928)
    (50400 11.6630942053)
    (54000 12.0724494397)
    (57600 12.4683721674)
    (61200 12.8521038564)
    (64800 13.2247057649)
    (68400 13.587093567)
    (72000 13.9400638675)
    (75600 14.2843148125)
    (79200 14.6204623283)
    (82800 14.9490530712)
)
