(
    (0.00 0.00)
    (60.00 0.00)
    (120.00 0.00)
    (180.00 0.00)
    (240.00 0.00)
    (300.00 0.00)
    (360.00 0.00)
    (420.00 0.00)
    (480.00 0.00)
    (540.00 0.00)
    (600.00 0.00)
    (660.00 0.00)
    (720.00 0.00)
    (780.00 0.00)
    (840.00 0.00)
    (900.00 0.00)
    (960.00 0.00)
    (1020.00 0.00)
    (1080.00 0.00)
    (1140.00 0.00)
    (1200.00 0.00)
    (1260.00 0.00)
    (1320.00 0.00)
    (1380.00 0.00)
    (1440.00 0.00)
    (1500.00 0.00)
    (1560.00 0.00)
    (1620.00 0.00)
    (1680.00 0.00)
    (1740.00 0.00)
    (1800.00 0.00)
    (1860.00 0.00)
    (1920.00 0.00)
    (1980.00 0.00)
    (2040.00 0.00)
    (2100.00 0.00)
    (2160.00 0.00)
    (2220.00 0.00)
    (2280.00 0.00)
    (2340.00 0.00)
    (2400.00 0.00)
    (2460.00 0.00)
    (2520.00 0.00)
    (2580.00 0.00)
    (2640.00 0.00)
    (2700.00 0.00)
    (2760.00 0.00)
    (2820.00 0.00)
    (2880.00 0.00)
    (2940.00 0.00)
    (3000.00 0.00)
    (3060.00 0.00)
    (3120.00 0.00)
    (3180.00 0.00)
    (3240.00 0.00)
    (3300.00 0.00)
    (3360.00 0.00)
    (3420.00 0.00)
    (3480.00 0.00)
    (3540.00 0.00)
    (3600.00 0.00)
    (3660.00 0.00)
    (3720.00 0.00)
    (3780.00 0.00)
    (3840.00 0.00)
    (3900.00 0.00)
    (3960.00 0.00)
    (4020.00 0.00)
    (4080.00 0.00)
    (4140.00 0.00)
    (4200.00 0.00)
    (4260.00 0.00)
    (4320.00 0.00)
    (4380.00 0.00)
    (4440.00 0.00)
    (4500.00 0.00)
    (4560.00 0.00)
    (4620.00 0.00)
    (4680.00 0.00)
    (4740.00 0.00)
    (4800.00 0.00)
    (4860.00 0.00)
    (4920.00 0.00)
    (4980.00 0.00)
    (5040.00 0.00)
    (5100.00 0.00)
    (5160.00 0.00)
    (5220.00 0.00)
    (5280.00 0.00)
    (5340.00 0.00)
    (5400.00 0.00)
    (5460.00 0.00)
    (5520.00 0.00)
    (5580.00 0.00)
    (5640.00 0.00)
    (5700.00 0.00)
    (5760.00 0.00)
    (5820.00 0.00)
    (5880.00 0.00)
    (5940.00 0.00)
    (6000.00 0.00)
    (6060.00 0.00)
    (6120.00 0.00)
    (6180.00 0.00)
    (6240.00 0.00)
    (6300.00 0.00)
    (6360.00 0.00)
    (6420.00 0.00)
    (6480.00 0.00)
    (6540.00 0.00)
    (6600.00 0.00)
    (6660.00 0.00)
    (6720.00 0.00)
    (6780.00 0.00)
    (6840.00 0.00)
    (6900.00 0.00)
    (6960.00 0.00)
    (7020.00 0.00)
    (7080.00 0.00)
    (7140.00 0.00)
    (7200.00 0.00)
    (7260.00 0.00)
    (7320.00 0.00)
    (7380.00 0.00)
    (7440.00 0.00)
    (7500.00 0.00)
    (7560.00 0.00)
    (7620.00 0.00)
    (7680.00 0.00)
    (7740.00 0.00)
    (7800.00 0.00)
    (7860.00 0.00)
    (7920.00 0.00)
    (7980.00 0.00)
    (8040.00 0.00)
    (8100.00 0.00)
    (8160.00 0.00)
    (8220.00 0.00)
    (8280.00 0.00)
    (8340.00 0.00)
    (8400.00 0.00)
    (8460.00 0.00)
    (8520.00 0.00)
    (8580.00 0.00)
    (8640.00 0.00)
    (8700.00 0.00)
    (8760.00 0.00)
    (8820.00 0.00)
    (8880.00 0.00)
    (8940.00 0.00)
    (9000.00 0.00)
    (9060.00 0.00)
    (9120.00 0.00)
    (9180.00 0.00)
    (9240.00 0.00)
    (9300.00 0.00)
    (9360.00 0.00)
    (9420.00 0.00)
    (9480.00 0.00)
    (9540.00 0.00)
    (9600.00 0.00)
    (9660.00 0.00)
    (9720.00 0.00)
    (9780.00 0.00)
    (9840.00 0.00)
    (9900.00 0.00)
    (9960.00 0.00)
    (10020.00 0.00)
    (10080.00 0.00)
    (10140.00 0.00)
    (10200.00 0.00)
    (10260.00 0.00)
    (10320.00 0.00)
    (10380.00 0.00)
    (10440.00 0.00)
    (10500.00 0.00)
    (10560.00 0.00)
    (10620.00 0.00)
    (10680.00 0.00)
    (10740.00 0.00)
    (10800.00 0.00)
    (10860.00 0.00)
    (10920.00 0.00)
    (10980.00 0.00)
    (11040.00 0.00)
    (11100.00 0.00)
    (11160.00 0.00)
    (11220.00 0.00)
    (11280.00 0.00)
    (11340.00 0.00)
    (11400.00 0.00)
    (11460.00 0.00)
    (11520.00 0.00)
    (11580.00 0.00)
    (11640.00 0.00)
    (11700.00 0.00)
    (11760.00 0.00)
    (11820.00 0.00)
    (11880.00 0.00)
    (11940.00 0.00)
    (12000.00 0.00)
    (12060.00 0.00)
    (12120.00 0.00)
    (12180.00 0.00)
    (12240.00 0.00)
    (12300.00 0.00)
    (12360.00 0.00)
    (12420.00 0.00)
    (12480.00 0.00)
    (12540.00 0.00)
    (12600.00 0.00)
    (12660.00 0.00)
    (12720.00 0.00)
    (12780.00 0.00)
    (12840.00 0.00)
    (12900.00 0.00)
    (12960.00 0.00)
    (13020.00 0.00)
    (13080.00 0.00)
    (13140.00 0.00)
    (13200.00 0.00)
    (13260.00 0.00)
    (13320.00 0.00)
    (13380.00 0.00)
    (13440.00 0.00)
    (13500.00 0.00)
    (13560.00 0.00)
    (13620.00 0.00)
    (13680.00 0.00)
    (13740.00 0.00)
    (13800.00 0.00)
    (13860.00 0.00)
    (13920.00 0.00)
    (13980.00 0.00)
    (14040.00 0.00)
    (14100.00 0.00)
    (14160.00 0.00)
    (14220.00 0.00)
    (14280.00 0.00)
    (14340.00 0.00)
    (14400.00 0.00)
    (14460.00 0.00)
    (14520.00 0.00)
    (14580.00 0.00)
    (14640.00 0.00)
    (14700.00 0.00)
    (14760.00 0.00)
    (14820.00 0.00)
    (14880.00 0.00)
    (14940.00 0.00)
    (15000.00 0.00)
    (15060.00 0.00)
    (15120.00 0.00)
    (15180.00 0.00)
    (15240.00 0.00)
    (15300.00 0.00)
    (15360.00 0.00)
    (15420.00 0.00)
    (15480.00 0.00)
    (15540.00 0.00)
    (15600.00 0.00)
    (15660.00 0.00)
    (15720.00 0.00)
    (15780.00 0.00)
    (15840.00 0.00)
    (15900.00 0.00)
    (15960.00 0.00)
    (16020.00 0.00)
    (16080.00 0.00)
    (16140.00 0.00)
    (16200.00 0.00)
    (16260.00 0.00)
    (16320.00 0.00)
    (16380.00 0.00)
    (16440.00 0.00)
    (16500.00 0.00)
    (16560.00 0.00)
    (16620.00 0.00)
    (16680.00 0.00)
    (16740.00 0.00)
    (16800.00 0.00)
    (16860.00 0.00)
    (16920.00 0.00)
    (16980.00 0.00)
    (17040.00 0.00)
    (17100.00 0.00)
    (17160.00 0.00)
    (17220.00 0.00)
    (17280.00 0.00)
    (17340.00 0.00)
    (17400.00 0.00)
    (17460.00 0.00)
    (17520.00 0.00)
    (17580.00 0.00)
    (17640.00 0.00)
    (17700.00 0.00)
    (17760.00 0.00)
    (17820.00 0.00)
    (17880.00 0.00)
    (17940.00 0.00)
    (18000.00 0.00)
    (18060.00 3.00)
    (18120.00 6.00)
    (18180.00 9.00)
    (18240.00 13.00)
    (18300.00 16.00)
    (18360.00 19.00)
    (18420.00 22.00)
    (18480.00 26.00)
    (18540.00 29.00)
    (18600.00 32.00)
    (18660.00 35.00)
    (18720.00 39.00)
    (18780.00 42.00)
    (18840.00 45.00)
    (18900.00 49.00)
    (18960.00 52.00)
    (19020.00 55.00)
    (19080.00 58.00)
    (19140.00 62.00)
    (19200.00 65.00)
    (19260.00 68.00)
    (19320.00 71.00)
    (19380.00 75.00)
    (19440.00 78.00)
    (19500.00 81.00)
    (19560.00 84.00)
    (19620.00 88.00)
    (19680.00 91.00)
    (19740.00 94.00)
    (19800.00 98.00)
    (19860.00 101.00)
    (19920.00 104.00)
    (19980.00 107.00)
    (20040.00 111.00)
    (20100.00 114.00)
    (20160.00 117.00)
    (20220.00 120.00)
    (20280.00 124.00)
    (20340.00 127.00)
    (20400.00 130.00)
    (20460.00 133.00)
    (20520.00 137.00)
    (20580.00 140.00)
    (20640.00 143.00)
    (20700.00 146.00)
    (20760.00 149.00)
    (20820.00 153.00)
    (20880.00 156.00)
    (20940.00 159.00)
    (21000.00 162.00)
    (21060.00 166.00)
    (21120.00 169.00)
    (21180.00 172.00)
    (21240.00 175.00)
    (21300.00 179.00)
    (21360.00 182.00)
    (21420.00 185.00)
    (21480.00 188.00)
    (21540.00 191.00)
    (21600.00 195.00)
    (21660.00 198.00)
    (21720.00 201.00)
    (21780.00 204.00)
    (21840.00 207.00)
    (21900.00 211.00)
    (21960.00 214.00)
    (22020.00 217.00)
    (22080.00 220.00)
    (22140.00 223.00)
    (22200.00 227.00)
    (22260.00 230.00)
    (22320.00 233.00)
    (22380.00 236.00)
    (22440.00 239.00)
    (22500.00 242.00)
    (22560.00 246.00)
    (22620.00 249.00)
    (22680.00 252.00)
    (22740.00 255.00)
    (22800.00 258.00)
    (22860.00 261.00)
    (22920.00 265.00)
    (22980.00 268.00)
    (23040.00 271.00)
    (23100.00 274.00)
    (23160.00 277.00)
    (23220.00 280.00)
    (23280.00 284.00)
    (23340.00 287.00)
    (23400.00 290.00)
    (23460.00 293.00)
    (23520.00 296.00)
    (23580.00 299.00)
    (23640.00 302.00)
    (23700.00 305.00)
    (23760.00 309.00)
    (23820.00 312.00)
    (23880.00 315.00)
    (23940.00 318.00)
    (24000.00 321.00)
    (24060.00 324.00)
    (24120.00 327.00)
    (24180.00 330.00)
    (24240.00 333.00)
    (24300.00 336.00)
    (24360.00 339.00)
    (24420.00 343.00)
    (24480.00 346.00)
    (24540.00 349.00)
    (24600.00 352.00)
    (24660.00 355.00)
    (24720.00 358.00)
    (24780.00 361.00)
    (24840.00 364.00)
    (24900.00 367.00)
    (24960.00 370.00)
    (25020.00 373.00)
    (25080.00 376.00)
    (25140.00 379.00)
    (25200.00 382.00)
    (25260.00 385.00)
    (25320.00 388.00)
    (25380.00 391.00)
    (25440.00 394.00)
    (25500.00 397.00)
    (25560.00 400.00)
    (25620.00 403.00)
    (25680.00 406.00)
    (25740.00 409.00)
    (25800.00 412.00)
    (25860.00 415.00)
    (25920.00 418.00)
    (25980.00 421.00)
    (26040.00 424.00)
    (26100.00 427.00)
    (26160.00 430.00)
    (26220.00 433.00)
    (26280.00 436.00)
    (26340.00 439.00)
    (26400.00 442.00)
    (26460.00 445.00)
    (26520.00 448.00)
    (26580.00 451.00)
    (26640.00 453.00)
    (26700.00 456.00)
    (26760.00 459.00)
    (26820.00 462.00)
    (26880.00 465.00)
    (26940.00 468.00)
    (27000.00 471.00)
    (27060.00 474.00)
    (27120.00 477.00)
    (27180.00 480.00)
    (27240.00 482.00)
    (27300.00 485.00)
    (27360.00 488.00)
    (27420.00 491.00)
    (27480.00 494.00)
    (27540.00 497.00)
    (27600.00 500.00)
    (27660.00 502.00)
    (27720.00 505.00)
    (27780.00 508.00)
    (27840.00 511.00)
    (27900.00 514.00)
    (27960.00 516.00)
    (28020.00 519.00)
    (28080.00 522.00)
    (28140.00 525.00)
    (28200.00 528.00)
    (28260.00 530.00)
    (28320.00 533.00)
    (28380.00 536.00)
    (28440.00 539.00)
    (28500.00 541.00)
    (28560.00 544.00)
    (28620.00 547.00)
    (28680.00 550.00)
    (28740.00 552.00)
    (28800.00 555.00)
    (28860.00 558.00)
    (28920.00 561.00)
    (28980.00 563.00)
    (29040.00 566.00)
    (29100.00 569.00)
    (29160.00 571.00)
    (29220.00 574.00)
    (29280.00 577.00)
    (29340.00 579.00)
    (29400.00 582.00)
    (29460.00 585.00)
    (29520.00 587.00)
    (29580.00 590.00)
    (29640.00 593.00)
    (29700.00 595.00)
    (29760.00 598.00)
    (29820.00 600.00)
    (29880.00 603.00)
    (29940.00 606.00)
    (30000.00 608.00)
    (30060.00 611.00)
    (30120.00 613.00)
    (30180.00 616.00)
    (30240.00 619.00)
    (30300.00 621.00)
    (30360.00 624.00)
    (30420.00 626.00)
    (30480.00 629.00)
    (30540.00 631.00)
    (30600.00 634.00)
    (30660.00 636.00)
    (30720.00 639.00)
    (30780.00 641.00)
    (30840.00 644.00)
    (30900.00 646.00)
    (30960.00 649.00)
    (31020.00 651.00)
    (31080.00 654.00)
    (31140.00 656.00)
    (31200.00 659.00)
    (31260.00 661.00)
    (31320.00 664.00)
    (31380.00 666.00)
    (31440.00 669.00)
    (31500.00 671.00)
    (31560.00 673.00)
    (31620.00 676.00)
    (31680.00 678.00)
    (31740.00 681.00)
    (31800.00 683.00)
    (31860.00 685.00)
    (31920.00 688.00)
    (31980.00 690.00)
    (32040.00 693.00)
    (32100.00 695.00)
    (32160.00 697.00)
    (32220.00 700.00)
    (32280.00 702.00)
    (32340.00 704.00)
    (32400.00 707.00)
    (32460.00 709.00)
    (32520.00 711.00)
    (32580.00 714.00)
    (32640.00 716.00)
    (32700.00 718.00)
    (32760.00 720.00)
    (32820.00 723.00)
    (32880.00 725.00)
    (32940.00 727.00)
    (33000.00 729.00)
    (33060.00 732.00)
    (33120.00 734.00)
    (33180.00 736.00)
    (33240.00 738.00)
    (33300.00 740.00)
    (33360.00 743.00)
    (33420.00 745.00)
    (33480.00 747.00)
    (33540.00 749.00)
    (33600.00 751.00)
    (33660.00 753.00)
    (33720.00 756.00)
    (33780.00 758.00)
    (33840.00 760.00)
    (33900.00 762.00)
    (33960.00 764.00)
    (34020.00 766.00)
    (34080.00 768.00)
    (34140.00 770.00)
    (34200.00 773.00)
    (34260.00 775.00)
    (34320.00 777.00)
    (34380.00 779.00)
    (34440.00 781.00)
    (34500.00 783.00)
    (34560.00 785.00)
    (34620.00 787.00)
    (34680.00 789.00)
    (34740.00 791.00)
    (34800.00 793.00)
    (34860.00 795.00)
    (34920.00 797.00)
    (34980.00 799.00)
    (35040.00 801.00)
    (35100.00 803.00)
    (35160.00 805.00)
    (35220.00 807.00)
    (35280.00 809.00)
    (35340.00 810.00)
    (35400.00 812.00)
    (35460.00 814.00)
    (35520.00 816.00)
    (35580.00 818.00)
    (35640.00 820.00)
    (35700.00 822.00)
    (35760.00 824.00)
    (35820.00 825.00)
    (35880.00 827.00)
    (35940.00 829.00)
    (36000.00 831.00)
    (36060.00 833.00)
    (36120.00 835.00)
    (36180.00 836.00)
    (36240.00 838.00)
    (36300.00 840.00)
    (36360.00 842.00)
    (36420.00 843.00)
    (36480.00 845.00)
    (36540.00 847.00)
    (36600.00 849.00)
    (36660.00 850.00)
    (36720.00 852.00)
    (36780.00 854.00)
    (36840.00 856.00)
    (36900.00 857.00)
    (36960.00 859.00)
    (37020.00 861.00)
    (37080.00 862.00)
    (37140.00 864.00)
    (37200.00 866.00)
    (37260.00 867.00)
    (37320.00 869.00)
    (37380.00 870.00)
    (37440.00 872.00)
    (37500.00 874.00)
    (37560.00 875.00)
    (37620.00 877.00)
    (37680.00 878.00)
    (37740.00 880.00)
    (37800.00 881.00)
    (37860.00 883.00)
    (37920.00 884.00)
    (37980.00 886.00)
    (38040.00 888.00)
    (38100.00 889.00)
    (38160.00 891.00)
    (38220.00 892.00)
    (38280.00 893.00)
    (38340.00 895.00)
    (38400.00 896.00)
    (38460.00 898.00)
    (38520.00 899.00)
    (38580.00 901.00)
    (38640.00 902.00)
    (38700.00 903.00)
    (38760.00 905.00)
    (38820.00 906.00)
    (38880.00 908.00)
    (38940.00 909.00)
    (39000.00 910.00)
    (39060.00 912.00)
    (39120.00 913.00)
    (39180.00 914.00)
    (39240.00 916.00)
    (39300.00 917.00)
    (39360.00 918.00)
    (39420.00 920.00)
    (39480.00 921.00)
    (39540.00 922.00)
    (39600.00 923.00)
    (39660.00 925.00)
    (39720.00 926.00)
    (39780.00 927.00)
    (39840.00 928.00)
    (39900.00 930.00)
    (39960.00 931.00)
    (40020.00 932.00)
    (40080.00 933.00)
    (40140.00 934.00)
    (40200.00 935.00)
    (40260.00 937.00)
    (40320.00 938.00)
    (40380.00 939.00)
    (40440.00 940.00)
    (40500.00 941.00)
    (40560.00 942.00)
    (40620.00 943.00)
    (40680.00 944.00)
    (40740.00 945.00)
    (40800.00 946.00)
    (40860.00 947.00)
    (40920.00 949.00)
    (40980.00 950.00)
    (41040.00 951.00)
    (41100.00 952.00)
    (41160.00 953.00)
    (41220.00 954.00)
    (41280.00 955.00)
    (41340.00 955.00)
    (41400.00 956.00)
    (41460.00 957.00)
    (41520.00 958.00)
    (41580.00 959.00)
    (41640.00 960.00)
    (41700.00 961.00)
    (41760.00 962.00)
    (41820.00 963.00)
    (41880.00 964.00)
    (41940.00 965.00)
    (42000.00 965.00)
    (42060.00 966.00)
    (42120.00 967.00)
    (42180.00 968.00)
    (42240.00 969.00)
    (42300.00 970.00)
    (42360.00 970.00)
    (42420.00 971.00)
    (42480.00 972.00)
    (42540.00 973.00)
    (42600.00 973.00)
    (42660.00 974.00)
    (42720.00 975.00)
    (42780.00 976.00)
    (42840.00 976.00)
    (42900.00 977.00)
    (42960.00 978.00)
    (43020.00 978.00)
    (43080.00 979.00)
    (43140.00 980.00)
    (43200.00 980.00)
    (43260.00 981.00)
    (43320.00 982.00)
    (43380.00 982.00)
    (43440.00 983.00)
    (43500.00 983.00)
    (43560.00 984.00)
    (43620.00 984.00)
    (43680.00 985.00)
    (43740.00 986.00)
    (43800.00 986.00)
    (43860.00 987.00)
    (43920.00 987.00)
    (43980.00 988.00)
    (44040.00 988.00)
    (44100.00 989.00)
    (44160.00 989.00)
    (44220.00 990.00)
    (44280.00 990.00)
    (44340.00 991.00)
    (44400.00 991.00)
    (44460.00 991.00)
    (44520.00 992.00)
    (44580.00 992.00)
    (44640.00 993.00)
    (44700.00 993.00)
    (44760.00 993.00)
    (44820.00 994.00)
    (44880.00 994.00)
    (44940.00 994.00)
    (45000.00 995.00)
    (45060.00 995.00)
    (45120.00 995.00)
    (45180.00 996.00)
    (45240.00 996.00)
    (45300.00 996.00)
    (45360.00 996.00)
    (45420.00 997.00)
    (45480.00 997.00)
    (45540.00 997.00)
    (45600.00 997.00)
    (45660.00 998.00)
    (45720.00 998.00)
    (45780.00 998.00)
    (45840.00 998.00)
    (45900.00 998.00)
    (45960.00 998.00)
    (46020.00 999.00)
    (46080.00 999.00)
    (46140.00 999.00)
    (46200.00 999.00)
    (46260.00 999.00)
    (46320.00 999.00)
    (46380.00 999.00)
    (46440.00 999.00)
    (46500.00 999.00)
    (46560.00 999.00)
    (46620.00 999.00)
    (46680.00 999.00)
    (46740.00 999.00)
    (46800.00 1000.00)
    (46860.00 999.00)
    (46920.00 999.00)
    (46980.00 999.00)
    (47040.00 999.00)
    (47100.00 999.00)
    (47160.00 999.00)
    (47220.00 999.00)
    (47280.00 999.00)
    (47340.00 999.00)
    (47400.00 999.00)
    (47460.00 999.00)
    (47520.00 999.00)
    (47580.00 999.00)
    (47640.00 998.00)
    (47700.00 998.00)
    (47760.00 998.00)
    (47820.00 998.00)
    (47880.00 998.00)
    (47940.00 998.00)
    (48000.00 997.00)
    (48060.00 997.00)
    (48120.00 997.00)
    (48180.00 997.00)
    (48240.00 996.00)
    (48300.00 996.00)
    (48360.00 996.00)
    (48420.00 996.00)
    (48480.00 995.00)
    (48540.00 995.00)
    (48600.00 995.00)
    (48660.00 994.00)
    (48720.00 994.00)
    (48780.00 994.00)
    (48840.00 993.00)
    (48900.00 993.00)
    (48960.00 993.00)
    (49020.00 992.00)
    (49080.00 992.00)
    (49140.00 991.00)
    (49200.00 991.00)
    (49260.00 991.00)
    (49320.00 990.00)
    (49380.00 990.00)
    (49440.00 989.00)
    (49500.00 989.00)
    (49560.00 988.00)
    (49620.00 988.00)
    (49680.00 987.00)
    (49740.00 987.00)
    (49800.00 986.00)
    (49860.00 986.00)
    (49920.00 985.00)
    (49980.00 984.00)
    (50040.00 984.00)
    (50100.00 983.00)
    (50160.00 983.00)
    (50220.00 982.00)
    (50280.00 982.00)
    (50340.00 981.00)
    (50400.00 980.00)
    (50460.00 980.00)
    (50520.00 979.00)
    (50580.00 978.00)
    (50640.00 978.00)
    (50700.00 977.00)
    (50760.00 976.00)
    (50820.00 976.00)
    (50880.00 975.00)
    (50940.00 974.00)
    (51000.00 973.00)
    (51060.00 973.00)
    (51120.00 972.00)
    (51180.00 971.00)
    (51240.00 970.00)
    (51300.00 970.00)
    (51360.00 969.00)
    (51420.00 968.00)
    (51480.00 967.00)
    (51540.00 966.00)
    (51600.00 965.00)
    (51660.00 965.00)
    (51720.00 964.00)
    (51780.00 963.00)
    (51840.00 962.00)
    (51900.00 961.00)
    (51960.00 960.00)
    (52020.00 959.00)
    (52080.00 958.00)
    (52140.00 957.00)
    (52200.00 956.00)
    (52260.00 955.00)
    (52320.00 955.00)
    (52380.00 954.00)
    (52440.00 953.00)
    (52500.00 952.00)
    (52560.00 951.00)
    (52620.00 950.00)
    (52680.00 949.00)
    (52740.00 947.00)
    (52800.00 946.00)
    (52860.00 945.00)
    (52920.00 944.00)
    (52980.00 943.00)
    (53040.00 942.00)
    (53100.00 941.00)
    (53160.00 940.00)
    (53220.00 939.00)
    (53280.00 938.00)
    (53340.00 937.00)
    (53400.00 935.00)
    (53460.00 934.00)
    (53520.00 933.00)
    (53580.00 932.00)
    (53640.00 931.00)
    (53700.00 930.00)
    (53760.00 928.00)
    (53820.00 927.00)
    (53880.00 926.00)
    (53940.00 925.00)
    (54000.00 923.00)
    (54060.00 922.00)
    (54120.00 921.00)
    (54180.00 920.00)
    (54240.00 918.00)
    (54300.00 917.00)
    (54360.00 916.00)
    (54420.00 914.00)
    (54480.00 913.00)
    (54540.00 912.00)
    (54600.00 910.00)
    (54660.00 909.00)
    (54720.00 908.00)
    (54780.00 906.00)
    (54840.00 905.00)
    (54900.00 903.00)
    (54960.00 902.00)
    (55020.00 901.00)
    (55080.00 899.00)
    (55140.00 898.00)
    (55200.00 896.00)
    (55260.00 895.00)
    (55320.00 893.00)
    (55380.00 892.00)
    (55440.00 891.00)
    (55500.00 889.00)
    (55560.00 888.00)
    (55620.00 886.00)
    (55680.00 884.00)
    (55740.00 883.00)
    (55800.00 881.00)
    (55860.00 880.00)
    (55920.00 878.00)
    (55980.00 877.00)
    (56040.00 875.00)
    (56100.00 874.00)
    (56160.00 872.00)
    (56220.00 870.00)
    (56280.00 869.00)
    (56340.00 867.00)
    (56400.00 866.00)
    (56460.00 864.00)
    (56520.00 862.00)
    (56580.00 861.00)
    (56640.00 859.00)
    (56700.00 857.00)
    (56760.00 856.00)
    (56820.00 854.00)
    (56880.00 852.00)
    (56940.00 850.00)
    (57000.00 849.00)
    (57060.00 847.00)
    (57120.00 845.00)
    (57180.00 843.00)
    (57240.00 842.00)
    (57300.00 840.00)
    (57360.00 838.00)
    (57420.00 836.00)
    (57480.00 835.00)
    (57540.00 833.00)
    (57600.00 831.00)
    (57660.00 829.00)
    (57720.00 827.00)
    (57780.00 825.00)
    (57840.00 824.00)
    (57900.00 822.00)
    (57960.00 820.00)
    (58020.00 818.00)
    (58080.00 816.00)
    (58140.00 814.00)
    (58200.00 812.00)
    (58260.00 810.00)
    (58320.00 809.00)
    (58380.00 807.00)
    (58440.00 805.00)
    (58500.00 803.00)
    (58560.00 801.00)
    (58620.00 799.00)
    (58680.00 797.00)
    (58740.00 795.00)
    (58800.00 793.00)
    (58860.00 791.00)
    (58920.00 789.00)
    (58980.00 787.00)
    (59040.00 785.00)
    (59100.00 783.00)
    (59160.00 781.00)
    (59220.00 779.00)
    (59280.00 777.00)
    (59340.00 775.00)
    (59400.00 773.00)
    (59460.00 770.00)
    (59520.00 768.00)
    (59580.00 766.00)
    (59640.00 764.00)
    (59700.00 762.00)
    (59760.00 760.00)
    (59820.00 758.00)
    (59880.00 756.00)
    (59940.00 753.00)
    (60000.00 751.00)
    (60060.00 749.00)
    (60120.00 747.00)
    (60180.00 745.00)
    (60240.00 743.00)
    (60300.00 740.00)
    (60360.00 738.00)
    (60420.00 736.00)
    (60480.00 734.00)
    (60540.00 732.00)
    (60600.00 729.00)
    (60660.00 727.00)
    (60720.00 725.00)
    (60780.00 723.00)
    (60840.00 720.00)
    (60900.00 718.00)
    (60960.00 716.00)
    (61020.00 714.00)
    (61080.00 711.00)
    (61140.00 709.00)
    (61200.00 707.00)
    (61260.00 704.00)
    (61320.00 702.00)
    (61380.00 700.00)
    (61440.00 697.00)
    (61500.00 695.00)
    (61560.00 693.00)
    (61620.00 690.00)
    (61680.00 688.00)
    (61740.00 685.00)
    (61800.00 683.00)
    (61860.00 681.00)
    (61920.00 678.00)
    (61980.00 676.00)
    (62040.00 673.00)
    (62100.00 671.00)
    (62160.00 669.00)
    (62220.00 666.00)
    (62280.00 664.00)
    (62340.00 661.00)
    (62400.00 659.00)
    (62460.00 656.00)
    (62520.00 654.00)
    (62580.00 651.00)
    (62640.00 649.00)
    (62700.00 646.00)
    (62760.00 644.00)
    (62820.00 641.00)
    (62880.00 639.00)
    (62940.00 636.00)
    (63000.00 634.00)
    (63060.00 631.00)
    (63120.00 629.00)
    (63180.00 626.00)
    (63240.00 624.00)
    (63300.00 621.00)
    (63360.00 619.00)
    (63420.00 616.00)
    (63480.00 613.00)
    (63540.00 611.00)
    (63600.00 608.00)
    (63660.00 606.00)
    (63720.00 603.00)
    (63780.00 600.00)
    (63840.00 598.00)
    (63900.00 595.00)
    (63960.00 593.00)
    (64020.00 590.00)
    (64080.00 587.00)
    (64140.00 585.00)
    (64200.00 582.00)
    (64260.00 579.00)
    (64320.00 577.00)
    (64380.00 574.00)
    (64440.00 571.00)
    (64500.00 569.00)
    (64560.00 566.00)
    (64620.00 563.00)
    (64680.00 561.00)
    (64740.00 558.00)
    (64800.00 555.00)
    (64860.00 552.00)
    (64920.00 550.00)
    (64980.00 547.00)
    (65040.00 544.00)
    (65100.00 541.00)
    (65160.00 539.00)
    (65220.00 536.00)
    (65280.00 533.00)
    (65340.00 530.00)
    (65400.00 528.00)
    (65460.00 525.00)
    (65520.00 522.00)
    (65580.00 519.00)
    (65640.00 516.00)
    (65700.00 514.00)
    (65760.00 511.00)
    (65820.00 508.00)
    (65880.00 505.00)
    (65940.00 502.00)
    (66000.00 499.00)
    (66060.00 497.00)
    (66120.00 494.00)
    (66180.00 491.00)
    (66240.00 488.00)
    (66300.00 485.00)
    (66360.00 482.00)
    (66420.00 480.00)
    (66480.00 477.00)
    (66540.00 474.00)
    (66600.00 471.00)
    (66660.00 468.00)
    (66720.00 465.00)
    (66780.00 462.00)
    (66840.00 459.00)
    (66900.00 456.00)
    (66960.00 453.00)
    (67020.00 451.00)
    (67080.00 448.00)
    (67140.00 445.00)
    (67200.00 442.00)
    (67260.00 439.00)
    (67320.00 436.00)
    (67380.00 433.00)
    (67440.00 430.00)
    (67500.00 427.00)
    (67560.00 424.00)
    (67620.00 421.00)
    (67680.00 418.00)
    (67740.00 415.00)
    (67800.00 412.00)
    (67860.00 409.00)
    (67920.00 406.00)
    (67980.00 403.00)
    (68040.00 400.00)
    (68100.00 397.00)
    (68160.00 394.00)
    (68220.00 391.00)
    (68280.00 388.00)
    (68340.00 385.00)
    (68400.00 382.00)
    (68460.00 379.00)
    (68520.00 376.00)
    (68580.00 373.00)
    (68640.00 370.00)
    (68700.00 367.00)
    (68760.00 364.00)
    (68820.00 361.00)
    (68880.00 358.00)
    (68940.00 355.00)
    (69000.00 352.00)
    (69060.00 349.00)
    (69120.00 346.00)
    (69180.00 343.00)
    (69240.00 339.00)
    (69300.00 336.00)
    (69360.00 333.00)
    (69420.00 330.00)
    (69480.00 327.00)
    (69540.00 324.00)
    (69600.00 321.00)
    (69660.00 318.00)
    (69720.00 315.00)
    (69780.00 312.00)
    (69840.00 309.00)
    (69900.00 305.00)
    (69960.00 302.00)
    (70020.00 299.00)
    (70080.00 296.00)
    (70140.00 293.00)
    (70200.00 290.00)
    (70260.00 287.00)
    (70320.00 284.00)
    (70380.00 280.00)
    (70440.00 277.00)
    (70500.00 274.00)
    (70560.00 271.00)
    (70620.00 268.00)
    (70680.00 265.00)
    (70740.00 261.00)
    (70800.00 258.00)
    (70860.00 255.00)
    (70920.00 252.00)
    (70980.00 249.00)
    (71040.00 246.00)
    (71100.00 242.00)
    (71160.00 239.00)
    (71220.00 236.00)
    (71280.00 233.00)
    (71340.00 230.00)
    (71400.00 227.00)
    (71460.00 223.00)
    (71520.00 220.00)
    (71580.00 217.00)
    (71640.00 214.00)
    (71700.00 211.00)
    (71760.00 207.00)
    (71820.00 204.00)
    (71880.00 201.00)
    (71940.00 198.00)
    (72000.00 195.00)
    (72060.00 191.00)
    (72120.00 188.00)
    (72180.00 185.00)
    (72240.00 182.00)
    (72300.00 179.00)
    (72360.00 175.00)
    (72420.00 172.00)
    (72480.00 169.00)
    (72540.00 166.00)
    (72600.00 162.00)
    (72660.00 159.00)
    (72720.00 156.00)
    (72780.00 153.00)
    (72840.00 149.00)
    (72900.00 146.00)
    (72960.00 143.00)
    (73020.00 140.00)
    (73080.00 137.00)
    (73140.00 133.00)
    (73200.00 130.00)
    (73260.00 127.00)
    (73320.00 124.00)
    (73380.00 120.00)
    (73440.00 117.00)
    (73500.00 114.00)
    (73560.00 111.00)
    (73620.00 107.00)
    (73680.00 104.00)
    (73740.00 101.00)
    (73800.00 98.00)
    (73860.00 94.00)
    (73920.00 91.00)
    (73980.00 88.00)
    (74040.00 84.00)
    (74100.00 81.00)
    (74160.00 78.00)
    (74220.00 75.00)
    (74280.00 71.00)
    (74340.00 68.00)
    (74400.00 65.00)
    (74460.00 62.00)
    (74520.00 58.00)
    (74580.00 55.00)
    (74640.00 52.00)
    (74700.00 49.00)
    (74760.00 45.00)
    (74820.00 42.00)
    (74880.00 39.00)
    (74940.00 35.00)
    (75000.00 32.00)
    (75060.00 29.00)
    (75120.00 26.00)
    (75180.00 22.00)
    (75240.00 19.00)
    (75300.00 16.00)
    (75360.00 13.00)
    (75420.00 9.00)
    (75480.00 6.00)
    (75540.00 3.00)
    (75600.00 0.00)
    (75660.00 0.00)
    (75720.00 0.00)
    (75780.00 0.00)
    (75840.00 0.00)
    (75900.00 0.00)
    (75960.00 0.00)
    (76020.00 0.00)
    (76080.00 0.00)
    (76140.00 0.00)
    (76200.00 0.00)
    (76260.00 0.00)
    (76320.00 0.00)
    (76380.00 0.00)
    (76440.00 0.00)
    (76500.00 0.00)
    (76560.00 0.00)
    (76620.00 0.00)
    (76680.00 0.00)
    (76740.00 0.00)
    (76800.00 0.00)
    (76860.00 0.00)
    (76920.00 0.00)
    (76980.00 0.00)
    (77040.00 0.00)
    (77100.00 0.00)
    (77160.00 0.00)
    (77220.00 0.00)
    (77280.00 0.00)
    (77340.00 0.00)
    (77400.00 0.00)
    (77460.00 0.00)
    (77520.00 0.00)
    (77580.00 0.00)
    (77640.00 0.00)
    (77700.00 0.00)
    (77760.00 0.00)
    (77820.00 0.00)
    (77880.00 0.00)
    (77940.00 0.00)
    (78000.00 0.00)
    (78060.00 0.00)
    (78120.00 0.00)
    (78180.00 0.00)
    (78240.00 0.00)
    (78300.00 0.00)
    (78360.00 0.00)
    (78420.00 0.00)
    (78480.00 0.00)
    (78540.00 0.00)
    (78600.00 0.00)
    (78660.00 0.00)
    (78720.00 0.00)
    (78780.00 0.00)
    (78840.00 0.00)
    (78900.00 0.00)
    (78960.00 0.00)
    (79020.00 0.00)
    (79080.00 0.00)
    (79140.00 0.00)
    (79200.00 0.00)
    (79260.00 0.00)
    (79320.00 0.00)
    (79380.00 0.00)
    (79440.00 0.00)
    (79500.00 0.00)
    (79560.00 0.00)
    (79620.00 0.00)
    (79680.00 0.00)
    (79740.00 0.00)
    (79800.00 0.00)
    (79860.00 0.00)
    (79920.00 0.00)
    (79980.00 0.00)
    (80040.00 0.00)
    (80100.00 0.00)
    (80160.00 0.00)
    (80220.00 0.00)
    (80280.00 0.00)
    (80340.00 0.00)
    (80400.00 0.00)
    (80460.00 0.00)
    (80520.00 0.00)
    (80580.00 0.00)
    (80640.00 0.00)
    (80700.00 0.00)
    (80760.00 0.00)
    (80820.00 0.00)
    (80880.00 0.00)
    (80940.00 0.00)
    (81000.00 0.00)
    (81060.00 0.00)
    (81120.00 0.00)
    (81180.00 0.00)
    (81240.00 0.00)
    (81300.00 0.00)
    (81360.00 0.00)
    (81420.00 0.00)
    (81480.00 0.00)
    (81540.00 0.00)
    (81600.00 0.00)
    (81660.00 0.00)
    (81720.00 0.00)
    (81780.00 0.00)
    (81840.00 0.00)
    (81900.00 0.00)
    (81960.00 0.00)
    (82020.00 0.00)
    (82080.00 0.00)
    (82140.00 0.00)
    (82200.00 0.00)
    (82260.00 0.00)
    (82320.00 0.00)
    (82380.00 0.00)
    (82440.00 0.00)
    (82500.00 0.00)
    (82560.00 0.00)
    (82620.00 0.00)
    (82680.00 0.00)
    (82740.00 0.00)
    (82800.00 0.00)
    (82860.00 0.00)
    (82920.00 0.00)
    (82980.00 0.00)
    (83040.00 0.00)
    (83100.00 0.00)
    (83160.00 0.00)
    (83220.00 0.00)
    (83280.00 0.00)
    (83340.00 0.00)
    (83400.00 0.00)
    (83460.00 0.00)
    (83520.00 0.00)
    (83580.00 0.00)
    (83640.00 0.00)
    (83700.00 0.00)
    (83760.00 0.00)
    (83820.00 0.00)
    (83880.00 0.00)
    (83940.00 0.00)
    (84000.00 0.00)
    (84060.00 0.00)
    (84120.00 0.00)
    (84180.00 0.00)
    (84240.00 0.00)
    (84300.00 0.00)
    (84360.00 0.00)
    (84420.00 0.00)
    (84480.00 0.00)
    (84540.00 0.00)
    (84600.00 0.00)
    (84660.00 0.00)
    (84720.00 0.00)
    (84780.00 0.00)
    (84840.00 0.00)
    (84900.00 0.00)
    (84960.00 0.00)
    (85020.00 0.00)
    (85080.00 0.00)
    (85140.00 0.00)
    (85200.00 0.00)
    (85260.00 0.00)
    (85320.00 0.00)
    (85380.00 0.00)
    (85440.00 0.00)
    (85500.00 0.00)
    (85560.00 0.00)
    (85620.00 0.00)
    (85680.00 0.00)
    (85740.00 0.00)
    (85800.00 0.00)
    (85860.00 0.00)
    (85920.00 0.00)
    (85980.00 0.00)
    (86040.00 0.00)
    (86100.00 0.00)
    (86160.00 0.00)
    (86220.00 0.00)
    (86280.00 0.00)
    (86340.00 0.00)
    (86400.00 0.00)
)