(
    (0.00 285.01)
    (60.00 284.98)
    (120.00 284.94)
    (180.00 284.91)
    (240.00 284.88)
    (300.00 284.85)
    (360.00 284.82)
    (420.00 284.79)
    (480.00 284.76)
    (540.00 284.73)
    (600.00 284.69)
    (660.00 284.66)
    (720.00 284.63)
    (780.00 284.61)
    (840.00 284.58)
    (900.00 284.55)
    (960.00 284.52)
    (1020.00 284.49)
    (1080.00 284.46)
    (1140.00 284.43)
    (1200.00 284.41)
    (1260.00 284.38)
    (1320.00 284.35)
    (1380.00 284.32)
    (1440.00 284.30)
    (1500.00 284.27)
    (1560.00 284.24)
    (1620.00 284.22)
    (1680.00 284.19)
    (1740.00 284.17)
    (1800.00 284.14)
    (1860.00 284.12)
    (1920.00 284.09)
    (1980.00 284.07)
    (2040.00 284.04)
    (2100.00 284.02)
    (2160.00 284.00)
    (2220.00 283.97)
    (2280.00 283.95)
    (2340.00 283.93)
    (2400.00 283.90)
    (2460.00 283.88)
    (2520.00 283.86)
    (2580.00 283.84)
    (2640.00 283.82)
    (2700.00 283.80)
    (2760.00 283.78)
    (2820.00 283.75)
    (2880.00 283.73)
    (2940.00 283.71)
    (3000.00 283.69)
    (3060.00 283.67)
    (3120.00 283.66)
    (3180.00 283.64)
    (3240.00 283.62)
    (3300.00 283.60)
    (3360.00 283.58)
    (3420.00 283.56)
    (3480.00 283.55)
    (3540.00 283.53)
    (3600.00 283.51)
    (3660.00 283.49)
    (3720.00 283.48)
    (3780.00 283.46)
    (3840.00 283.45)
    (3900.00 283.43)
    (3960.00 283.41)
    (4020.00 283.40)
    (4080.00 283.38)
    (4140.00 283.37)
    (4200.00 283.36)
    (4260.00 283.34)
    (4320.00 283.33)
    (4380.00 283.31)
    (4440.00 283.30)
    (4500.00 283.29)
    (4560.00 283.28)
    (4620.00 283.26)
    (4680.00 283.25)
    (4740.00 283.24)
    (4800.00 283.23)
    (4860.00 283.22)
    (4920.00 283.21)
    (4980.00 283.20)
    (5040.00 283.18)
    (5100.00 283.17)
    (5160.00 283.16)
    (5220.00 283.16)
    (5280.00 283.15)
    (5340.00 283.14)
    (5400.00 283.13)
    (5460.00 283.12)
    (5520.00 283.11)
    (5580.00 283.10)
    (5640.00 283.10)
    (5700.00 283.09)
    (5760.00 283.08)
    (5820.00 283.08)
    (5880.00 283.07)
    (5940.00 283.06)
    (6000.00 283.06)
    (6060.00 283.05)
    (6120.00 283.05)
    (6180.00 283.04)
    (6240.00 283.04)
    (6300.00 283.03)
    (6360.00 283.03)
    (6420.00 283.02)
    (6480.00 283.02)
    (6540.00 283.02)
    (6600.00 283.01)
    (6660.00 283.01)
    (6720.00 283.01)
    (6780.00 283.01)
    (6840.00 283.01)
    (6900.00 283.00)
    (6960.00 283.00)
    (7020.00 283.00)
    (7080.00 283.00)
    (7140.00 283.00)
    (7200.00 283.00)
    (7260.00 283.00)
    (7320.00 283.00)
    (7380.00 283.00)
    (7440.00 283.00)
    (7500.00 283.00)
    (7560.00 283.01)
    (7620.00 283.01)
    (7680.00 283.01)
    (7740.00 283.01)
    (7800.00 283.01)
    (7860.00 283.02)
    (7920.00 283.02)
    (7980.00 283.02)
    (8040.00 283.03)
    (8100.00 283.03)
    (8160.00 283.04)
    (8220.00 283.04)
    (8280.00 283.05)
    (8340.00 283.05)
    (8400.00 283.06)
    (8460.00 283.06)
    (8520.00 283.07)
    (8580.00 283.08)
    (8640.00 283.08)
    (8700.00 283.09)
    (8760.00 283.10)
    (8820.00 283.10)
    (8880.00 283.11)
    (8940.00 283.12)
    (9000.00 283.13)
    (9060.00 283.14)
    (9120.00 283.15)
    (9180.00 283.16)
    (9240.00 283.16)
    (9300.00 283.17)
    (9360.00 283.18)
    (9420.00 283.20)
    (9480.00 283.21)
    (9540.00 283.22)
    (9600.00 283.23)
    (9660.00 283.24)
    (9720.00 283.25)
    (9780.00 283.26)
    (9840.00 283.28)
    (9900.00 283.29)
    (9960.00 283.30)
    (10020.00 283.31)
    (10080.00 283.33)
    (10140.00 283.34)
    (10200.00 283.36)
    (10260.00 283.37)
    (10320.00 283.38)
    (10380.00 283.40)
    (10440.00 283.41)
    (10500.00 283.43)
    (10560.00 283.45)
    (10620.00 283.46)
    (10680.00 283.48)
    (10740.00 283.49)
    (10800.00 283.51)
    (10860.00 283.53)
    (10920.00 283.55)
    (10980.00 283.56)
    (11040.00 283.58)
    (11100.00 283.60)
    (11160.00 283.62)
    (11220.00 283.64)
    (11280.00 283.66)
    (11340.00 283.67)
    (11400.00 283.69)
    (11460.00 283.71)
    (11520.00 283.73)
    (11580.00 283.75)
    (11640.00 283.78)
    (11700.00 283.80)
    (11760.00 283.82)
    (11820.00 283.84)
    (11880.00 283.86)
    (11940.00 283.88)
    (12000.00 283.90)
    (12060.00 283.93)
    (12120.00 283.95)
    (12180.00 283.97)
    (12240.00 284.00)
    (12300.00 284.02)
    (12360.00 284.04)
    (12420.00 284.07)
    (12480.00 284.09)
    (12540.00 284.12)
    (12600.00 284.14)
    (12660.00 284.17)
    (12720.00 284.19)
    (12780.00 284.22)
    (12840.00 284.24)
    (12900.00 284.27)
    (12960.00 284.30)
    (13020.00 284.32)
    (13080.00 284.35)
    (13140.00 284.38)
    (13200.00 284.41)
    (13260.00 284.43)
    (13320.00 284.46)
    (13380.00 284.49)
    (13440.00 284.52)
    (13500.00 284.55)
    (13560.00 284.58)
    (13620.00 284.61)
    (13680.00 284.63)
    (13740.00 284.66)
    (13800.00 284.69)
    (13860.00 284.73)
    (13920.00 284.76)
    (13980.00 284.79)
    (14040.00 284.82)
    (14100.00 284.85)
    (14160.00 284.88)
    (14220.00 284.91)
    (14280.00 284.94)
    (14340.00 284.98)
    (14400.00 285.01)
    (14460.00 285.04)
    (14520.00 285.08)
    (14580.00 285.11)
    (14640.00 285.14)
    (14700.00 285.18)
    (14760.00 285.21)
    (14820.00 285.24)
    (14880.00 285.28)
    (14940.00 285.31)
    (15000.00 285.35)
    (15060.00 285.38)
    (15120.00 285.42)
    (15180.00 285.46)
    (15240.00 285.49)
    (15300.00 285.53)
    (15360.00 285.56)
    (15420.00 285.60)
    (15480.00 285.64)
    (15540.00 285.68)
    (15600.00 285.71)
    (15660.00 285.75)
    (15720.00 285.79)
    (15780.00 285.83)
    (15840.00 285.86)
    (15900.00 285.90)
    (15960.00 285.94)
    (16020.00 285.98)
    (16080.00 286.02)
    (16140.00 286.06)
    (16200.00 286.10)
    (16260.00 286.14)
    (16320.00 286.18)
    (16380.00 286.22)
    (16440.00 286.26)
    (16500.00 286.30)
    (16560.00 286.34)
    (16620.00 286.38)
    (16680.00 286.43)
    (16740.00 286.47)
    (16800.00 286.51)
    (16860.00 286.55)
    (16920.00 286.59)
    (16980.00 286.64)
    (17040.00 286.68)
    (17100.00 286.72)
    (17160.00 286.77)
    (17220.00 286.81)
    (17280.00 286.85)
    (17340.00 286.90)
    (17400.00 286.94)
    (17460.00 286.99)
    (17520.00 287.03)
    (17580.00 287.07)
    (17640.00 287.12)
    (17700.00 287.16)
    (17760.00 287.21)
    (17820.00 287.26)
    (17880.00 287.30)
    (17940.00 287.35)
    (18000.00 287.39)
    (18060.00 287.44)
    (18120.00 287.49)
    (18180.00 287.53)
    (18240.00 287.58)
    (18300.00 287.63)
    (18360.00 287.67)
    (18420.00 287.72)
    (18480.00 287.77)
    (18540.00 287.82)
    (18600.00 287.87)
    (18660.00 287.91)
    (18720.00 287.96)
    (18780.00 288.01)
    (18840.00 288.06)
    (18900.00 288.11)
    (18960.00 288.16)
    (19020.00 288.21)
    (19080.00 288.26)
    (19140.00 288.31)
    (19200.00 288.36)
    (19260.00 288.41)
    (19320.00 288.46)
    (19380.00 288.51)
    (19440.00 288.56)
    (19500.00 288.61)
    (19560.00 288.66)
    (19620.00 288.71)
    (19680.00 288.77)
    (19740.00 288.82)
    (19800.00 288.87)
    (19860.00 288.92)
    (19920.00 288.97)
    (19980.00 289.03)
    (20040.00 289.08)
    (20100.00 289.13)
    (20160.00 289.18)
    (20220.00 289.24)
    (20280.00 289.29)
    (20340.00 289.34)
    (20400.00 289.40)
    (20460.00 289.45)
    (20520.00 289.50)
    (20580.00 289.56)
    (20640.00 289.61)
    (20700.00 289.67)
    (20760.00 289.72)
    (20820.00 289.78)
    (20880.00 289.83)
    (20940.00 289.89)
    (21000.00 289.94)
    (21060.00 290.00)
    (21120.00 290.05)
    (21180.00 290.11)
    (21240.00 290.16)
    (21300.00 290.22)
    (21360.00 290.27)
    (21420.00 290.33)
    (21480.00 290.39)
    (21540.00 290.44)
    (21600.00 290.50)
    (21660.00 290.56)
    (21720.00 290.61)
    (21780.00 290.67)
    (21840.00 290.73)
    (21900.00 290.79)
    (21960.00 290.84)
    (22020.00 290.90)
    (22080.00 290.96)
    (22140.00 291.02)
    (22200.00 291.07)
    (22260.00 291.13)
    (22320.00 291.19)
    (22380.00 291.25)
    (22440.00 291.31)
    (22500.00 291.37)
    (22560.00 291.42)
    (22620.00 291.48)
    (22680.00 291.54)
    (22740.00 291.60)
    (22800.00 291.66)
    (22860.00 291.72)
    (22920.00 291.78)
    (22980.00 291.84)
    (23040.00 291.90)
    (23100.00 291.96)
    (23160.00 292.02)
    (23220.00 292.08)
    (23280.00 292.14)
    (23340.00 292.20)
    (23400.00 292.26)
    (23460.00 292.32)
    (23520.00 292.38)
    (23580.00 292.44)
    (23640.00 292.50)
    (23700.00 292.56)
    (23760.00 292.62)
    (23820.00 292.69)
    (23880.00 292.75)
    (23940.00 292.81)
    (24000.00 292.87)
    (24060.00 292.93)
    (24120.00 292.99)
    (24180.00 293.05)
    (24240.00 293.12)
    (24300.00 293.18)
    (24360.00 293.24)
    (24420.00 293.30)
    (24480.00 293.36)
    (24540.00 293.43)
    (24600.00 293.49)
    (24660.00 293.55)
    (24720.00 293.61)
    (24780.00 293.68)
    (24840.00 293.74)
    (24900.00 293.80)
    (24960.00 293.87)
    (25020.00 293.93)
    (25080.00 293.99)
    (25140.00 294.05)
    (25200.00 294.12)
    (25260.00 294.18)
    (25320.00 294.24)
    (25380.00 294.31)
    (25440.00 294.37)
    (25500.00 294.43)
    (25560.00 294.50)
    (25620.00 294.56)
    (25680.00 294.63)
    (25740.00 294.69)
    (25800.00 294.75)
    (25860.00 294.82)
    (25920.00 294.88)
    (25980.00 294.95)
    (26040.00 295.01)
    (26100.00 295.07)
    (26160.00 295.14)
    (26220.00 295.20)
    (26280.00 295.27)
    (26340.00 295.33)
    (26400.00 295.40)
    (26460.00 295.46)
    (26520.00 295.52)
    (26580.00 295.59)
    (26640.00 295.65)
    (26700.00 295.72)
    (26760.00 295.78)
    (26820.00 295.85)
    (26880.00 295.91)
    (26940.00 295.98)
    (27000.00 296.04)
    (27060.00 296.11)
    (27120.00 296.17)
    (27180.00 296.24)
    (27240.00 296.30)
    (27300.00 296.37)
    (27360.00 296.43)
    (27420.00 296.50)
    (27480.00 296.56)
    (27540.00 296.63)
    (27600.00 296.69)
    (27660.00 296.76)
    (27720.00 296.82)
    (27780.00 296.89)
    (27840.00 296.95)
    (27900.00 297.02)
    (27960.00 297.08)
    (28020.00 297.15)
    (28080.00 297.21)
    (28140.00 297.28)
    (28200.00 297.35)
    (28260.00 297.41)
    (28320.00 297.48)
    (28380.00 297.54)
    (28440.00 297.61)
    (28500.00 297.67)
    (28560.00 297.74)
    (28620.00 297.80)
    (28680.00 297.87)
    (28740.00 297.93)
    (28800.00 298.00)
    (28860.00 298.07)
    (28920.00 298.13)
    (28980.00 298.20)
    (29040.00 298.26)
    (29100.00 298.33)
    (29160.00 298.39)
    (29220.00 298.46)
    (29280.00 298.52)
    (29340.00 298.59)
    (29400.00 298.65)
    (29460.00 298.72)
    (29520.00 298.79)
    (29580.00 298.85)
    (29640.00 298.92)
    (29700.00 298.98)
    (29760.00 299.05)
    (29820.00 299.11)
    (29880.00 299.18)
    (29940.00 299.24)
    (30000.00 299.31)
    (30060.00 299.37)
    (30120.00 299.44)
    (30180.00 299.50)
    (30240.00 299.57)
    (30300.00 299.63)
    (30360.00 299.70)
    (30420.00 299.76)
    (30480.00 299.83)
    (30540.00 299.89)
    (30600.00 299.96)
    (30660.00 300.02)
    (30720.00 300.09)
    (30780.00 300.15)
    (30840.00 300.22)
    (30900.00 300.28)
    (30960.00 300.35)
    (31020.00 300.41)
    (31080.00 300.48)
    (31140.00 300.54)
    (31200.00 300.60)
    (31260.00 300.67)
    (31320.00 300.73)
    (31380.00 300.80)
    (31440.00 300.86)
    (31500.00 300.93)
    (31560.00 300.99)
    (31620.00 301.05)
    (31680.00 301.12)
    (31740.00 301.18)
    (31800.00 301.25)
    (31860.00 301.31)
    (31920.00 301.37)
    (31980.00 301.44)
    (32040.00 301.50)
    (32100.00 301.57)
    (32160.00 301.63)
    (32220.00 301.69)
    (32280.00 301.76)
    (32340.00 301.82)
    (32400.00 301.88)
    (32460.00 301.95)
    (32520.00 302.01)
    (32580.00 302.07)
    (32640.00 302.13)
    (32700.00 302.20)
    (32760.00 302.26)
    (32820.00 302.32)
    (32880.00 302.39)
    (32940.00 302.45)
    (33000.00 302.51)
    (33060.00 302.57)
    (33120.00 302.64)
    (33180.00 302.70)
    (33240.00 302.76)
    (33300.00 302.82)
    (33360.00 302.88)
    (33420.00 302.95)
    (33480.00 303.01)
    (33540.00 303.07)
    (33600.00 303.13)
    (33660.00 303.19)
    (33720.00 303.25)
    (33780.00 303.31)
    (33840.00 303.38)
    (33900.00 303.44)
    (33960.00 303.50)
    (34020.00 303.56)
    (34080.00 303.62)
    (34140.00 303.68)
    (34200.00 303.74)
    (34260.00 303.80)
    (34320.00 303.86)
    (34380.00 303.92)
    (34440.00 303.98)
    (34500.00 304.04)
    (34560.00 304.10)
    (34620.00 304.16)
    (34680.00 304.22)
    (34740.00 304.28)
    (34800.00 304.34)
    (34860.00 304.40)
    (34920.00 304.46)
    (34980.00 304.52)
    (35040.00 304.58)
    (35100.00 304.63)
    (35160.00 304.69)
    (35220.00 304.75)
    (35280.00 304.81)
    (35340.00 304.87)
    (35400.00 304.93)
    (35460.00 304.98)
    (35520.00 305.04)
    (35580.00 305.10)
    (35640.00 305.16)
    (35700.00 305.21)
    (35760.00 305.27)
    (35820.00 305.33)
    (35880.00 305.39)
    (35940.00 305.44)
    (36000.00 305.50)
    (36060.00 305.56)
    (36120.00 305.61)
    (36180.00 305.67)
    (36240.00 305.73)
    (36300.00 305.78)
    (36360.00 305.84)
    (36420.00 305.89)
    (36480.00 305.95)
    (36540.00 306.00)
    (36600.00 306.06)
    (36660.00 306.11)
    (36720.00 306.17)
    (36780.00 306.22)
    (36840.00 306.28)
    (36900.00 306.33)
    (36960.00 306.39)
    (37020.00 306.44)
    (37080.00 306.50)
    (37140.00 306.55)
    (37200.00 306.60)
    (37260.00 306.66)
    (37320.00 306.71)
    (37380.00 306.76)
    (37440.00 306.82)
    (37500.00 306.87)
    (37560.00 306.92)
    (37620.00 306.97)
    (37680.00 307.03)
    (37740.00 307.08)
    (37800.00 307.13)
    (37860.00 307.18)
    (37920.00 307.23)
    (37980.00 307.29)
    (38040.00 307.34)
    (38100.00 307.39)
    (38160.00 307.44)
    (38220.00 307.49)
    (38280.00 307.54)
    (38340.00 307.59)
    (38400.00 307.64)
    (38460.00 307.69)
    (38520.00 307.74)
    (38580.00 307.79)
    (38640.00 307.84)
    (38700.00 307.89)
    (38760.00 307.94)
    (38820.00 307.99)
    (38880.00 308.04)
    (38940.00 308.09)
    (39000.00 308.13)
    (39060.00 308.18)
    (39120.00 308.23)
    (39180.00 308.28)
    (39240.00 308.33)
    (39300.00 308.37)
    (39360.00 308.42)
    (39420.00 308.47)
    (39480.00 308.51)
    (39540.00 308.56)
    (39600.00 308.61)
    (39660.00 308.65)
    (39720.00 308.70)
    (39780.00 308.74)
    (39840.00 308.79)
    (39900.00 308.84)
    (39960.00 308.88)
    (40020.00 308.93)
    (40080.00 308.97)
    (40140.00 309.01)
    (40200.00 309.06)
    (40260.00 309.10)
    (40320.00 309.15)
    (40380.00 309.19)
    (40440.00 309.23)
    (40500.00 309.28)
    (40560.00 309.32)
    (40620.00 309.36)
    (40680.00 309.41)
    (40740.00 309.45)
    (40800.00 309.49)
    (40860.00 309.53)
    (40920.00 309.57)
    (40980.00 309.62)
    (41040.00 309.66)
    (41100.00 309.70)
    (41160.00 309.74)
    (41220.00 309.78)
    (41280.00 309.82)
    (41340.00 309.86)
    (41400.00 309.90)
    (41460.00 309.94)
    (41520.00 309.98)
    (41580.00 310.02)
    (41640.00 310.06)
    (41700.00 310.10)
    (41760.00 310.14)
    (41820.00 310.17)
    (41880.00 310.21)
    (41940.00 310.25)
    (42000.00 310.29)
    (42060.00 310.32)
    (42120.00 310.36)
    (42180.00 310.40)
    (42240.00 310.44)
    (42300.00 310.47)
    (42360.00 310.51)
    (42420.00 310.54)
    (42480.00 310.58)
    (42540.00 310.62)
    (42600.00 310.65)
    (42660.00 310.69)
    (42720.00 310.72)
    (42780.00 310.76)
    (42840.00 310.79)
    (42900.00 310.82)
    (42960.00 310.86)
    (43020.00 310.89)
    (43080.00 310.92)
    (43140.00 310.96)
    (43200.00 310.99)
    (43260.00 311.02)
    (43320.00 311.06)
    (43380.00 311.09)
    (43440.00 311.12)
    (43500.00 311.15)
    (43560.00 311.18)
    (43620.00 311.21)
    (43680.00 311.24)
    (43740.00 311.27)
    (43800.00 311.31)
    (43860.00 311.34)
    (43920.00 311.37)
    (43980.00 311.39)
    (44040.00 311.42)
    (44100.00 311.45)
    (44160.00 311.48)
    (44220.00 311.51)
    (44280.00 311.54)
    (44340.00 311.57)
    (44400.00 311.59)
    (44460.00 311.62)
    (44520.00 311.65)
    (44580.00 311.68)
    (44640.00 311.70)
    (44700.00 311.73)
    (44760.00 311.76)
    (44820.00 311.78)
    (44880.00 311.81)
    (44940.00 311.83)
    (45000.00 311.86)
    (45060.00 311.88)
    (45120.00 311.91)
    (45180.00 311.93)
    (45240.00 311.96)
    (45300.00 311.98)
    (45360.00 312.00)
    (45420.00 312.03)
    (45480.00 312.05)
    (45540.00 312.07)
    (45600.00 312.10)
    (45660.00 312.12)
    (45720.00 312.14)
    (45780.00 312.16)
    (45840.00 312.18)
    (45900.00 312.20)
    (45960.00 312.22)
    (46020.00 312.25)
    (46080.00 312.27)
    (46140.00 312.29)
    (46200.00 312.31)
    (46260.00 312.33)
    (46320.00 312.34)
    (46380.00 312.36)
    (46440.00 312.38)
    (46500.00 312.40)
    (46560.00 312.42)
    (46620.00 312.44)
    (46680.00 312.45)
    (46740.00 312.47)
    (46800.00 312.49)
    (46860.00 312.51)
    (46920.00 312.52)
    (46980.00 312.54)
    (47040.00 312.55)
    (47100.00 312.57)
    (47160.00 312.59)
    (47220.00 312.60)
    (47280.00 312.62)
    (47340.00 312.63)
    (47400.00 312.64)
    (47460.00 312.66)
    (47520.00 312.67)
    (47580.00 312.69)
    (47640.00 312.70)
    (47700.00 312.71)
    (47760.00 312.72)
    (47820.00 312.74)
    (47880.00 312.75)
    (47940.00 312.76)
    (48000.00 312.77)
    (48060.00 312.78)
    (48120.00 312.79)
    (48180.00 312.80)
    (48240.00 312.82)
    (48300.00 312.83)
    (48360.00 312.84)
    (48420.00 312.84)
    (48480.00 312.85)
    (48540.00 312.86)
    (48600.00 312.87)
    (48660.00 312.88)
    (48720.00 312.89)
    (48780.00 312.90)
    (48840.00 312.90)
    (48900.00 312.91)
    (48960.00 312.92)
    (49020.00 312.92)
    (49080.00 312.93)
    (49140.00 312.94)
    (49200.00 312.94)
    (49260.00 312.95)
    (49320.00 312.95)
    (49380.00 312.96)
    (49440.00 312.96)
    (49500.00 312.97)
    (49560.00 312.97)
    (49620.00 312.98)
    (49680.00 312.98)
    (49740.00 312.98)
    (49800.00 312.99)
    (49860.00 312.99)
    (49920.00 312.99)
    (49980.00 312.99)
    (50040.00 312.99)
    (50100.00 313.00)
    (50160.00 313.00)
    (50220.00 313.00)
    (50280.00 313.00)
    (50340.00 313.00)
    (50400.00 313.00)
    (50460.00 313.00)
    (50520.00 313.00)
    (50580.00 313.00)
    (50640.00 313.00)
    (50700.00 313.00)
    (50760.00 312.99)
    (50820.00 312.99)
    (50880.00 312.99)
    (50940.00 312.99)
    (51000.00 312.99)
    (51060.00 312.98)
    (51120.00 312.98)
    (51180.00 312.98)
    (51240.00 312.97)
    (51300.00 312.97)
    (51360.00 312.96)
    (51420.00 312.96)
    (51480.00 312.95)
    (51540.00 312.95)
    (51600.00 312.94)
    (51660.00 312.94)
    (51720.00 312.93)
    (51780.00 312.92)
    (51840.00 312.92)
    (51900.00 312.91)
    (51960.00 312.90)
    (52020.00 312.90)
    (52080.00 312.89)
    (52140.00 312.88)
    (52200.00 312.87)
    (52260.00 312.86)
    (52320.00 312.85)
    (52380.00 312.84)
    (52440.00 312.84)
    (52500.00 312.83)
    (52560.00 312.82)
    (52620.00 312.80)
    (52680.00 312.79)
    (52740.00 312.78)
    (52800.00 312.77)
    (52860.00 312.76)
    (52920.00 312.75)
    (52980.00 312.74)
    (53040.00 312.72)
    (53100.00 312.71)
    (53160.00 312.70)
    (53220.00 312.69)
    (53280.00 312.67)
    (53340.00 312.66)
    (53400.00 312.64)
    (53460.00 312.63)
    (53520.00 312.62)
    (53580.00 312.60)
    (53640.00 312.59)
    (53700.00 312.57)
    (53760.00 312.55)
    (53820.00 312.54)
    (53880.00 312.52)
    (53940.00 312.51)
    (54000.00 312.49)
    (54060.00 312.47)
    (54120.00 312.45)
    (54180.00 312.44)
    (54240.00 312.42)
    (54300.00 312.40)
    (54360.00 312.38)
    (54420.00 312.36)
    (54480.00 312.34)
    (54540.00 312.33)
    (54600.00 312.31)
    (54660.00 312.29)
    (54720.00 312.27)
    (54780.00 312.25)
    (54840.00 312.22)
    (54900.00 312.20)
    (54960.00 312.18)
    (55020.00 312.16)
    (55080.00 312.14)
    (55140.00 312.12)
    (55200.00 312.10)
    (55260.00 312.07)
    (55320.00 312.05)
    (55380.00 312.03)
    (55440.00 312.00)
    (55500.00 311.98)
    (55560.00 311.96)
    (55620.00 311.93)
    (55680.00 311.91)
    (55740.00 311.88)
    (55800.00 311.86)
    (55860.00 311.83)
    (55920.00 311.81)
    (55980.00 311.78)
    (56040.00 311.76)
    (56100.00 311.73)
    (56160.00 311.70)
    (56220.00 311.68)
    (56280.00 311.65)
    (56340.00 311.62)
    (56400.00 311.59)
    (56460.00 311.57)
    (56520.00 311.54)
    (56580.00 311.51)
    (56640.00 311.48)
    (56700.00 311.45)
    (56760.00 311.42)
    (56820.00 311.39)
    (56880.00 311.37)
    (56940.00 311.34)
    (57000.00 311.31)
    (57060.00 311.27)
    (57120.00 311.24)
    (57180.00 311.21)
    (57240.00 311.18)
    (57300.00 311.15)
    (57360.00 311.12)
    (57420.00 311.09)
    (57480.00 311.06)
    (57540.00 311.02)
    (57600.00 310.99)
    (57660.00 310.96)
    (57720.00 310.92)
    (57780.00 310.89)
    (57840.00 310.86)
    (57900.00 310.82)
    (57960.00 310.79)
    (58020.00 310.76)
    (58080.00 310.72)
    (58140.00 310.69)
    (58200.00 310.65)
    (58260.00 310.62)
    (58320.00 310.58)
    (58380.00 310.54)
    (58440.00 310.51)
    (58500.00 310.47)
    (58560.00 310.44)
    (58620.00 310.40)
    (58680.00 310.36)
    (58740.00 310.32)
    (58800.00 310.29)
    (58860.00 310.25)
    (58920.00 310.21)
    (58980.00 310.17)
    (59040.00 310.14)
    (59100.00 310.10)
    (59160.00 310.06)
    (59220.00 310.02)
    (59280.00 309.98)
    (59340.00 309.94)
    (59400.00 309.90)
    (59460.00 309.86)
    (59520.00 309.82)
    (59580.00 309.78)
    (59640.00 309.74)
    (59700.00 309.70)
    (59760.00 309.66)
    (59820.00 309.62)
    (59880.00 309.57)
    (59940.00 309.53)
    (60000.00 309.49)
    (60060.00 309.45)
    (60120.00 309.41)
    (60180.00 309.36)
    (60240.00 309.32)
    (60300.00 309.28)
    (60360.00 309.23)
    (60420.00 309.19)
    (60480.00 309.15)
    (60540.00 309.10)
    (60600.00 309.06)
    (60660.00 309.01)
    (60720.00 308.97)
    (60780.00 308.93)
    (60840.00 308.88)
    (60900.00 308.84)
    (60960.00 308.79)
    (61020.00 308.74)
    (61080.00 308.70)
    (61140.00 308.65)
    (61200.00 308.61)
    (61260.00 308.56)
    (61320.00 308.51)
    (61380.00 308.47)
    (61440.00 308.42)
    (61500.00 308.37)
    (61560.00 308.33)
    (61620.00 308.28)
    (61680.00 308.23)
    (61740.00 308.18)
    (61800.00 308.13)
    (61860.00 308.09)
    (61920.00 308.04)
    (61980.00 307.99)
    (62040.00 307.94)
    (62100.00 307.89)
    (62160.00 307.84)
    (62220.00 307.79)
    (62280.00 307.74)
    (62340.00 307.69)
    (62400.00 307.64)
    (62460.00 307.59)
    (62520.00 307.54)
    (62580.00 307.49)
    (62640.00 307.44)
    (62700.00 307.39)
    (62760.00 307.34)
    (62820.00 307.29)
    (62880.00 307.23)
    (62940.00 307.18)
    (63000.00 307.13)
    (63060.00 307.08)
    (63120.00 307.03)
    (63180.00 306.97)
    (63240.00 306.92)
    (63300.00 306.87)
    (63360.00 306.82)
    (63420.00 306.76)
    (63480.00 306.71)
    (63540.00 306.66)
    (63600.00 306.60)
    (63660.00 306.55)
    (63720.00 306.50)
    (63780.00 306.44)
    (63840.00 306.39)
    (63900.00 306.33)
    (63960.00 306.28)
    (64020.00 306.22)
    (64080.00 306.17)
    (64140.00 306.11)
    (64200.00 306.06)
    (64260.00 306.00)
    (64320.00 305.95)
    (64380.00 305.89)
    (64440.00 305.84)
    (64500.00 305.78)
    (64560.00 305.73)
    (64620.00 305.67)
    (64680.00 305.61)
    (64740.00 305.56)
    (64800.00 305.50)
    (64860.00 305.44)
    (64920.00 305.39)
    (64980.00 305.33)
    (65040.00 305.27)
    (65100.00 305.21)
    (65160.00 305.16)
    (65220.00 305.10)
    (65280.00 305.04)
    (65340.00 304.98)
    (65400.00 304.93)
    (65460.00 304.87)
    (65520.00 304.81)
    (65580.00 304.75)
    (65640.00 304.69)
    (65700.00 304.63)
    (65760.00 304.58)
    (65820.00 304.52)
    (65880.00 304.46)
    (65940.00 304.40)
    (66000.00 304.34)
    (66060.00 304.28)
    (66120.00 304.22)
    (66180.00 304.16)
    (66240.00 304.10)
    (66300.00 304.04)
    (66360.00 303.98)
    (66420.00 303.92)
    (66480.00 303.86)
    (66540.00 303.80)
    (66600.00 303.74)
    (66660.00 303.68)
    (66720.00 303.62)
    (66780.00 303.56)
    (66840.00 303.50)
    (66900.00 303.44)
    (66960.00 303.38)
    (67020.00 303.31)
    (67080.00 303.25)
    (67140.00 303.19)
    (67200.00 303.13)
    (67260.00 303.07)
    (67320.00 303.01)
    (67380.00 302.95)
    (67440.00 302.88)
    (67500.00 302.82)
    (67560.00 302.76)
    (67620.00 302.70)
    (67680.00 302.64)
    (67740.00 302.57)
    (67800.00 302.51)
    (67860.00 302.45)
    (67920.00 302.39)
    (67980.00 302.32)
    (68040.00 302.26)
    (68100.00 302.20)
    (68160.00 302.13)
    (68220.00 302.07)
    (68280.00 302.01)
    (68340.00 301.95)
    (68400.00 301.88)
    (68460.00 301.82)
    (68520.00 301.76)
    (68580.00 301.69)
    (68640.00 301.63)
    (68700.00 301.57)
    (68760.00 301.50)
    (68820.00 301.44)
    (68880.00 301.37)
    (68940.00 301.31)
    (69000.00 301.25)
    (69060.00 301.18)
    (69120.00 301.12)
    (69180.00 301.05)
    (69240.00 300.99)
    (69300.00 300.93)
    (69360.00 300.86)
    (69420.00 300.80)
    (69480.00 300.73)
    (69540.00 300.67)
    (69600.00 300.60)
    (69660.00 300.54)
    (69720.00 300.48)
    (69780.00 300.41)
    (69840.00 300.35)
    (69900.00 300.28)
    (69960.00 300.22)
    (70020.00 300.15)
    (70080.00 300.09)
    (70140.00 300.02)
    (70200.00 299.96)
    (70260.00 299.89)
    (70320.00 299.83)
    (70380.00 299.76)
    (70440.00 299.70)
    (70500.00 299.63)
    (70560.00 299.57)
    (70620.00 299.50)
    (70680.00 299.44)
    (70740.00 299.37)
    (70800.00 299.31)
    (70860.00 299.24)
    (70920.00 299.18)
    (70980.00 299.11)
    (71040.00 299.05)
    (71100.00 298.98)
    (71160.00 298.92)
    (71220.00 298.85)
    (71280.00 298.79)
    (71340.00 298.72)
    (71400.00 298.65)
    (71460.00 298.59)
    (71520.00 298.52)
    (71580.00 298.46)
    (71640.00 298.39)
    (71700.00 298.33)
    (71760.00 298.26)
    (71820.00 298.20)
    (71880.00 298.13)
    (71940.00 298.07)
    (72000.00 298.00)
    (72060.00 297.93)
    (72120.00 297.87)
    (72180.00 297.80)
    (72240.00 297.74)
    (72300.00 297.67)
    (72360.00 297.61)
    (72420.00 297.54)
    (72480.00 297.48)
    (72540.00 297.41)
    (72600.00 297.35)
    (72660.00 297.28)
    (72720.00 297.21)
    (72780.00 297.15)
    (72840.00 297.08)
    (72900.00 297.02)
    (72960.00 296.95)
    (73020.00 296.89)
    (73080.00 296.82)
    (73140.00 296.76)
    (73200.00 296.69)
    (73260.00 296.63)
    (73320.00 296.56)
    (73380.00 296.50)
    (73440.00 296.43)
    (73500.00 296.37)
    (73560.00 296.30)
    (73620.00 296.24)
    (73680.00 296.17)
    (73740.00 296.11)
    (73800.00 296.04)
    (73860.00 295.98)
    (73920.00 295.91)
    (73980.00 295.85)
    (74040.00 295.78)
    (74100.00 295.72)
    (74160.00 295.65)
    (74220.00 295.59)
    (74280.00 295.52)
    (74340.00 295.46)
    (74400.00 295.40)
    (74460.00 295.33)
    (74520.00 295.27)
    (74580.00 295.20)
    (74640.00 295.14)
    (74700.00 295.07)
    (74760.00 295.01)
    (74820.00 294.95)
    (74880.00 294.88)
    (74940.00 294.82)
    (75000.00 294.75)
    (75060.00 294.69)
    (75120.00 294.63)
    (75180.00 294.56)
    (75240.00 294.50)
    (75300.00 294.43)
    (75360.00 294.37)
    (75420.00 294.31)
    (75480.00 294.24)
    (75540.00 294.18)
    (75600.00 294.12)
    (75660.00 294.05)
    (75720.00 293.99)
    (75780.00 293.93)
    (75840.00 293.87)
    (75900.00 293.80)
    (75960.00 293.74)
    (76020.00 293.68)
    (76080.00 293.61)
    (76140.00 293.55)
    (76200.00 293.49)
    (76260.00 293.43)
    (76320.00 293.36)
    (76380.00 293.30)
    (76440.00 293.24)
    (76500.00 293.18)
    (76560.00 293.12)
    (76620.00 293.05)
    (76680.00 292.99)
    (76740.00 292.93)
    (76800.00 292.87)
    (76860.00 292.81)
    (76920.00 292.75)
    (76980.00 292.69)
    (77040.00 292.62)
    (77100.00 292.56)
    (77160.00 292.50)
    (77220.00 292.44)
    (77280.00 292.38)
    (77340.00 292.32)
    (77400.00 292.26)
    (77460.00 292.20)
    (77520.00 292.14)
    (77580.00 292.08)
    (77640.00 292.02)
    (77700.00 291.96)
    (77760.00 291.90)
    (77820.00 291.84)
    (77880.00 291.78)
    (77940.00 291.72)
    (78000.00 291.66)
    (78060.00 291.60)
    (78120.00 291.54)
    (78180.00 291.48)
    (78240.00 291.42)
    (78300.00 291.37)
    (78360.00 291.31)
    (78420.00 291.25)
    (78480.00 291.19)
    (78540.00 291.13)
    (78600.00 291.07)
    (78660.00 291.02)
    (78720.00 290.96)
    (78780.00 290.90)
    (78840.00 290.84)
    (78900.00 290.79)
    (78960.00 290.73)
    (79020.00 290.67)
    (79080.00 290.61)
    (79140.00 290.56)
    (79200.00 290.50)
    (79260.00 290.44)
    (79320.00 290.39)
    (79380.00 290.33)
    (79440.00 290.27)
    (79500.00 290.22)
    (79560.00 290.16)
    (79620.00 290.11)
    (79680.00 290.05)
    (79740.00 290.00)
    (79800.00 289.94)
    (79860.00 289.89)
    (79920.00 289.83)
    (79980.00 289.78)
    (80040.00 289.72)
    (80100.00 289.67)
    (80160.00 289.61)
    (80220.00 289.56)
    (80280.00 289.50)
    (80340.00 289.45)
    (80400.00 289.40)
    (80460.00 289.34)
    (80520.00 289.29)
    (80580.00 289.24)
    (80640.00 289.18)
    (80700.00 289.13)
    (80760.00 289.08)
    (80820.00 289.03)
    (80880.00 288.97)
    (80940.00 288.92)
    (81000.00 288.87)
    (81060.00 288.82)
    (81120.00 288.77)
    (81180.00 288.71)
    (81240.00 288.66)
    (81300.00 288.61)
    (81360.00 288.56)
    (81420.00 288.51)
    (81480.00 288.46)
    (81540.00 288.41)
    (81600.00 288.36)
    (81660.00 288.31)
    (81720.00 288.26)
    (81780.00 288.21)
    (81840.00 288.16)
    (81900.00 288.11)
    (81960.00 288.06)
    (82020.00 288.01)
    (82080.00 287.96)
    (82140.00 287.91)
    (82200.00 287.87)
    (82260.00 287.82)
    (82320.00 287.77)
    (82380.00 287.72)
    (82440.00 287.67)
    (82500.00 287.63)
    (82560.00 287.58)
    (82620.00 287.53)
    (82680.00 287.49)
    (82740.00 287.44)
    (82800.00 287.39)
    (82860.00 287.35)
    (82920.00 287.30)
    (82980.00 287.26)
    (83040.00 287.21)
    (83100.00 287.16)
    (83160.00 287.12)
    (83220.00 287.07)
    (83280.00 287.03)
    (83340.00 286.99)
    (83400.00 286.94)
    (83460.00 286.90)
    (83520.00 286.85)
    (83580.00 286.81)
    (83640.00 286.77)
    (83700.00 286.72)
    (83760.00 286.68)
    (83820.00 286.64)
    (83880.00 286.59)
    (83940.00 286.55)
    (84000.00 286.51)
    (84060.00 286.47)
    (84120.00 286.43)
    (84180.00 286.38)
    (84240.00 286.34)
    (84300.00 286.30)
    (84360.00 286.26)
    (84420.00 286.22)
    (84480.00 286.18)
    (84540.00 286.14)
    (84600.00 286.10)
    (84660.00 286.06)
    (84720.00 286.02)
    (84780.00 285.98)
    (84840.00 285.94)
    (84900.00 285.90)
    (84960.00 285.86)
    (85020.00 285.83)
    (85080.00 285.79)
    (85140.00 285.75)
    (85200.00 285.71)
    (85260.00 285.68)
    (85320.00 285.64)
    (85380.00 285.60)
    (85440.00 285.56)
    (85500.00 285.53)
    (85560.00 285.49)
    (85620.00 285.46)
    (85680.00 285.42)
    (85740.00 285.38)
    (85800.00 285.35)
    (85860.00 285.31)
    (85920.00 285.28)
    (85980.00 285.24)
    (86040.00 285.21)
    (86100.00 285.18)
    (86160.00 285.14)
    (86220.00 285.11)
    (86280.00 285.08)
    (86340.00 285.04)
    (86400.00 285.01)
)