(
    (0.00 263.68)
    (60.00 263.64)
    (120.00 263.59)
    (180.00 263.55)
    (240.00 263.51)
    (300.00 263.47)
    (360.00 263.42)
    (420.00 263.38)
    (480.00 263.34)
    (540.00 263.30)
    (600.00 263.26)
    (660.00 263.22)
    (720.00 263.18)
    (780.00 263.14)
    (840.00 263.10)
    (900.00 263.06)
    (960.00 263.02)
    (1020.00 262.99)
    (1080.00 262.95)
    (1140.00 262.91)
    (1200.00 262.87)
    (1260.00 262.84)
    (1320.00 262.80)
    (1380.00 262.76)
    (1440.00 262.73)
    (1500.00 262.69)
    (1560.00 262.66)
    (1620.00 262.62)
    (1680.00 262.59)
    (1740.00 262.56)
    (1800.00 262.52)
    (1860.00 262.49)
    (1920.00 262.46)
    (1980.00 262.42)
    (2040.00 262.39)
    (2100.00 262.36)
    (2160.00 262.33)
    (2220.00 262.30)
    (2280.00 262.27)
    (2340.00 262.24)
    (2400.00 262.21)
    (2460.00 262.18)
    (2520.00 262.15)
    (2580.00 262.12)
    (2640.00 262.09)
    (2700.00 262.06)
    (2760.00 262.03)
    (2820.00 262.01)
    (2880.00 261.98)
    (2940.00 261.95)
    (3000.00 261.93)
    (3060.00 261.90)
    (3120.00 261.87)
    (3180.00 261.85)
    (3240.00 261.82)
    (3300.00 261.80)
    (3360.00 261.77)
    (3420.00 261.75)
    (3480.00 261.73)
    (3540.00 261.70)
    (3600.00 261.68)
    (3660.00 261.66)
    (3720.00 261.64)
    (3780.00 261.62)
    (3840.00 261.59)
    (3900.00 261.57)
    (3960.00 261.55)
    (4020.00 261.53)
    (4080.00 261.51)
    (4140.00 261.49)
    (4200.00 261.47)
    (4260.00 261.46)
    (4320.00 261.44)
    (4380.00 261.42)
    (4440.00 261.40)
    (4500.00 261.38)
    (4560.00 261.37)
    (4620.00 261.35)
    (4680.00 261.33)
    (4740.00 261.32)
    (4800.00 261.30)
    (4860.00 261.29)
    (4920.00 261.27)
    (4980.00 261.26)
    (5040.00 261.25)
    (5100.00 261.23)
    (5160.00 261.22)
    (5220.00 261.21)
    (5280.00 261.19)
    (5340.00 261.18)
    (5400.00 261.17)
    (5460.00 261.16)
    (5520.00 261.15)
    (5580.00 261.14)
    (5640.00 261.13)
    (5700.00 261.12)
    (5760.00 261.11)
    (5820.00 261.10)
    (5880.00 261.09)
    (5940.00 261.08)
    (6000.00 261.08)
    (6060.00 261.07)
    (6120.00 261.06)
    (6180.00 261.05)
    (6240.00 261.05)
    (6300.00 261.04)
    (6360.00 261.04)
    (6420.00 261.03)
    (6480.00 261.03)
    (6540.00 261.02)
    (6600.00 261.02)
    (6660.00 261.02)
    (6720.00 261.01)
    (6780.00 261.01)
    (6840.00 261.01)
    (6900.00 261.00)
    (6960.00 261.00)
    (7020.00 261.00)
    (7080.00 261.00)
    (7140.00 261.00)
    (7200.00 261.00)
    (7260.00 261.00)
    (7320.00 261.00)
    (7380.00 261.00)
    (7440.00 261.00)
    (7500.00 261.00)
    (7560.00 261.01)
    (7620.00 261.01)
    (7680.00 261.01)
    (7740.00 261.02)
    (7800.00 261.02)
    (7860.00 261.02)
    (7920.00 261.03)
    (7980.00 261.03)
    (8040.00 261.04)
    (8100.00 261.04)
    (8160.00 261.05)
    (8220.00 261.05)
    (8280.00 261.06)
    (8340.00 261.07)
    (8400.00 261.08)
    (8460.00 261.08)
    (8520.00 261.09)
    (8580.00 261.10)
    (8640.00 261.11)
    (8700.00 261.12)
    (8760.00 261.13)
    (8820.00 261.14)
    (8880.00 261.15)
    (8940.00 261.16)
    (9000.00 261.17)
    (9060.00 261.18)
    (9120.00 261.19)
    (9180.00 261.21)
    (9240.00 261.22)
    (9300.00 261.23)
    (9360.00 261.25)
    (9420.00 261.26)
    (9480.00 261.27)
    (9540.00 261.29)
    (9600.00 261.30)
    (9660.00 261.32)
    (9720.00 261.33)
    (9780.00 261.35)
    (9840.00 261.37)
    (9900.00 261.38)
    (9960.00 261.40)
    (10020.00 261.42)
    (10080.00 261.44)
    (10140.00 261.46)
    (10200.00 261.47)
    (10260.00 261.49)
    (10320.00 261.51)
    (10380.00 261.53)
    (10440.00 261.55)
    (10500.00 261.57)
    (10560.00 261.59)
    (10620.00 261.62)
    (10680.00 261.64)
    (10740.00 261.66)
    (10800.00 261.68)
    (10860.00 261.70)
    (10920.00 261.73)
    (10980.00 261.75)
    (11040.00 261.77)
    (11100.00 261.80)
    (11160.00 261.82)
    (11220.00 261.85)
    (11280.00 261.87)
    (11340.00 261.90)
    (11400.00 261.93)
    (11460.00 261.95)
    (11520.00 261.98)
    (11580.00 262.01)
    (11640.00 262.03)
    (11700.00 262.06)
    (11760.00 262.09)
    (11820.00 262.12)
    (11880.00 262.15)
    (11940.00 262.18)
    (12000.00 262.21)
    (12060.00 262.24)
    (12120.00 262.27)
    (12180.00 262.30)
    (12240.00 262.33)
    (12300.00 262.36)
    (12360.00 262.39)
    (12420.00 262.42)
    (12480.00 262.46)
    (12540.00 262.49)
    (12600.00 262.52)
    (12660.00 262.56)
    (12720.00 262.59)
    (12780.00 262.62)
    (12840.00 262.66)
    (12900.00 262.69)
    (12960.00 262.73)
    (13020.00 262.76)
    (13080.00 262.80)
    (13140.00 262.84)
    (13200.00 262.87)
    (13260.00 262.91)
    (13320.00 262.95)
    (13380.00 262.99)
    (13440.00 263.02)
    (13500.00 263.06)
    (13560.00 263.10)
    (13620.00 263.14)
    (13680.00 263.18)
    (13740.00 263.22)
    (13800.00 263.26)
    (13860.00 263.30)
    (13920.00 263.34)
    (13980.00 263.38)
    (14040.00 263.42)
    (14100.00 263.47)
    (14160.00 263.51)
    (14220.00 263.55)
    (14280.00 263.59)
    (14340.00 263.64)
    (14400.00 263.68)
    (14460.00 263.72)
    (14520.00 263.77)
    (14580.00 263.81)
    (14640.00 263.86)
    (14700.00 263.90)
    (14760.00 263.95)
    (14820.00 263.99)
    (14880.00 264.04)
    (14940.00 264.09)
    (15000.00 264.13)
    (15060.00 264.18)
    (15120.00 264.23)
    (15180.00 264.27)
    (15240.00 264.32)
    (15300.00 264.37)
    (15360.00 264.42)
    (15420.00 264.47)
    (15480.00 264.52)
    (15540.00 264.57)
    (15600.00 264.62)
    (15660.00 264.67)
    (15720.00 264.72)
    (15780.00 264.77)
    (15840.00 264.82)
    (15900.00 264.87)
    (15960.00 264.92)
    (16020.00 264.97)
    (16080.00 265.03)
    (16140.00 265.08)
    (16200.00 265.13)
    (16260.00 265.19)
    (16320.00 265.24)
    (16380.00 265.29)
    (16440.00 265.35)
    (16500.00 265.40)
    (16560.00 265.46)
    (16620.00 265.51)
    (16680.00 265.57)
    (16740.00 265.62)
    (16800.00 265.68)
    (16860.00 265.74)
    (16920.00 265.79)
    (16980.00 265.85)
    (17040.00 265.91)
    (17100.00 265.96)
    (17160.00 266.02)
    (17220.00 266.08)
    (17280.00 266.14)
    (17340.00 266.20)
    (17400.00 266.25)
    (17460.00 266.31)
    (17520.00 266.37)
    (17580.00 266.43)
    (17640.00 266.49)
    (17700.00 266.55)
    (17760.00 266.61)
    (17820.00 266.67)
    (17880.00 266.73)
    (17940.00 266.80)
    (18000.00 266.86)
    (18060.00 266.92)
    (18120.00 266.98)
    (18180.00 267.04)
    (18240.00 267.11)
    (18300.00 267.17)
    (18360.00 267.23)
    (18420.00 267.30)
    (18480.00 267.36)
    (18540.00 267.42)
    (18600.00 267.49)
    (18660.00 267.55)
    (18720.00 267.62)
    (18780.00 267.68)
    (18840.00 267.75)
    (18900.00 267.81)
    (18960.00 267.88)
    (19020.00 267.94)
    (19080.00 268.01)
    (19140.00 268.08)
    (19200.00 268.14)
    (19260.00 268.21)
    (19320.00 268.28)
    (19380.00 268.35)
    (19440.00 268.41)
    (19500.00 268.48)
    (19560.00 268.55)
    (19620.00 268.62)
    (19680.00 268.69)
    (19740.00 268.76)
    (19800.00 268.82)
    (19860.00 268.89)
    (19920.00 268.96)
    (19980.00 269.03)
    (20040.00 269.10)
    (20100.00 269.17)
    (20160.00 269.24)
    (20220.00 269.32)
    (20280.00 269.39)
    (20340.00 269.46)
    (20400.00 269.53)
    (20460.00 269.60)
    (20520.00 269.67)
    (20580.00 269.74)
    (20640.00 269.82)
    (20700.00 269.89)
    (20760.00 269.96)
    (20820.00 270.03)
    (20880.00 270.11)
    (20940.00 270.18)
    (21000.00 270.25)
    (21060.00 270.33)
    (21120.00 270.40)
    (21180.00 270.48)
    (21240.00 270.55)
    (21300.00 270.62)
    (21360.00 270.70)
    (21420.00 270.77)
    (21480.00 270.85)
    (21540.00 270.92)
    (21600.00 271.00)
    (21660.00 271.08)
    (21720.00 271.15)
    (21780.00 271.23)
    (21840.00 271.30)
    (21900.00 271.38)
    (21960.00 271.46)
    (22020.00 271.53)
    (22080.00 271.61)
    (22140.00 271.69)
    (22200.00 271.77)
    (22260.00 271.84)
    (22320.00 271.92)
    (22380.00 272.00)
    (22440.00 272.08)
    (22500.00 272.15)
    (22560.00 272.23)
    (22620.00 272.31)
    (22680.00 272.39)
    (22740.00 272.47)
    (22800.00 272.55)
    (22860.00 272.63)
    (22920.00 272.71)
    (22980.00 272.79)
    (23040.00 272.87)
    (23100.00 272.95)
    (23160.00 273.03)
    (23220.00 273.11)
    (23280.00 273.19)
    (23340.00 273.27)
    (23400.00 273.35)
    (23460.00 273.43)
    (23520.00 273.51)
    (23580.00 273.59)
    (23640.00 273.67)
    (23700.00 273.75)
    (23760.00 273.83)
    (23820.00 273.91)
    (23880.00 274.00)
    (23940.00 274.08)
    (24000.00 274.16)
    (24060.00 274.24)
    (24120.00 274.32)
    (24180.00 274.41)
    (24240.00 274.49)
    (24300.00 274.57)
    (24360.00 274.65)
    (24420.00 274.74)
    (24480.00 274.82)
    (24540.00 274.90)
    (24600.00 274.99)
    (24660.00 275.07)
    (24720.00 275.15)
    (24780.00 275.24)
    (24840.00 275.32)
    (24900.00 275.40)
    (24960.00 275.49)
    (25020.00 275.57)
    (25080.00 275.66)
    (25140.00 275.74)
    (25200.00 275.82)
    (25260.00 275.91)
    (25320.00 275.99)
    (25380.00 276.08)
    (25440.00 276.16)
    (25500.00 276.25)
    (25560.00 276.33)
    (25620.00 276.42)
    (25680.00 276.50)
    (25740.00 276.59)
    (25800.00 276.67)
    (25860.00 276.76)
    (25920.00 276.84)
    (25980.00 276.93)
    (26040.00 277.01)
    (26100.00 277.10)
    (26160.00 277.18)
    (26220.00 277.27)
    (26280.00 277.36)
    (26340.00 277.44)
    (26400.00 277.53)
    (26460.00 277.61)
    (26520.00 277.70)
    (26580.00 277.79)
    (26640.00 277.87)
    (26700.00 277.96)
    (26760.00 278.04)
    (26820.00 278.13)
    (26880.00 278.22)
    (26940.00 278.30)
    (27000.00 278.39)
    (27060.00 278.48)
    (27120.00 278.56)
    (27180.00 278.65)
    (27240.00 278.74)
    (27300.00 278.82)
    (27360.00 278.91)
    (27420.00 279.00)
    (27480.00 279.08)
    (27540.00 279.17)
    (27600.00 279.26)
    (27660.00 279.34)
    (27720.00 279.43)
    (27780.00 279.52)
    (27840.00 279.60)
    (27900.00 279.69)
    (27960.00 279.78)
    (28020.00 279.87)
    (28080.00 279.95)
    (28140.00 280.04)
    (28200.00 280.13)
    (28260.00 280.21)
    (28320.00 280.30)
    (28380.00 280.39)
    (28440.00 280.48)
    (28500.00 280.56)
    (28560.00 280.65)
    (28620.00 280.74)
    (28680.00 280.83)
    (28740.00 280.91)
    (28800.00 281.00)
    (28860.00 281.09)
    (28920.00 281.17)
    (28980.00 281.26)
    (29040.00 281.35)
    (29100.00 281.44)
    (29160.00 281.52)
    (29220.00 281.61)
    (29280.00 281.70)
    (29340.00 281.79)
    (29400.00 281.87)
    (29460.00 281.96)
    (29520.00 282.05)
    (29580.00 282.13)
    (29640.00 282.22)
    (29700.00 282.31)
    (29760.00 282.40)
    (29820.00 282.48)
    (29880.00 282.57)
    (29940.00 282.66)
    (30000.00 282.74)
    (30060.00 282.83)
    (30120.00 282.92)
    (30180.00 283.00)
    (30240.00 283.09)
    (30300.00 283.18)
    (30360.00 283.26)
    (30420.00 283.35)
    (30480.00 283.44)
    (30540.00 283.52)
    (30600.00 283.61)
    (30660.00 283.70)
    (30720.00 283.78)
    (30780.00 283.87)
    (30840.00 283.96)
    (30900.00 284.04)
    (30960.00 284.13)
    (31020.00 284.21)
    (31080.00 284.30)
    (31140.00 284.39)
    (31200.00 284.47)
    (31260.00 284.56)
    (31320.00 284.64)
    (31380.00 284.73)
    (31440.00 284.82)
    (31500.00 284.90)
    (31560.00 284.99)
    (31620.00 285.07)
    (31680.00 285.16)
    (31740.00 285.24)
    (31800.00 285.33)
    (31860.00 285.41)
    (31920.00 285.50)
    (31980.00 285.58)
    (32040.00 285.67)
    (32100.00 285.75)
    (32160.00 285.84)
    (32220.00 285.92)
    (32280.00 286.01)
    (32340.00 286.09)
    (32400.00 286.18)
    (32460.00 286.26)
    (32520.00 286.34)
    (32580.00 286.43)
    (32640.00 286.51)
    (32700.00 286.60)
    (32760.00 286.68)
    (32820.00 286.76)
    (32880.00 286.85)
    (32940.00 286.93)
    (33000.00 287.01)
    (33060.00 287.10)
    (33120.00 287.18)
    (33180.00 287.26)
    (33240.00 287.35)
    (33300.00 287.43)
    (33360.00 287.51)
    (33420.00 287.59)
    (33480.00 287.68)
    (33540.00 287.76)
    (33600.00 287.84)
    (33660.00 287.92)
    (33720.00 288.00)
    (33780.00 288.09)
    (33840.00 288.17)
    (33900.00 288.25)
    (33960.00 288.33)
    (34020.00 288.41)
    (34080.00 288.49)
    (34140.00 288.57)
    (34200.00 288.65)
    (34260.00 288.73)
    (34320.00 288.81)
    (34380.00 288.89)
    (34440.00 288.97)
    (34500.00 289.05)
    (34560.00 289.13)
    (34620.00 289.21)
    (34680.00 289.29)
    (34740.00 289.37)
    (34800.00 289.45)
    (34860.00 289.53)
    (34920.00 289.61)
    (34980.00 289.69)
    (35040.00 289.77)
    (35100.00 289.85)
    (35160.00 289.92)
    (35220.00 290.00)
    (35280.00 290.08)
    (35340.00 290.16)
    (35400.00 290.23)
    (35460.00 290.31)
    (35520.00 290.39)
    (35580.00 290.47)
    (35640.00 290.54)
    (35700.00 290.62)
    (35760.00 290.70)
    (35820.00 290.77)
    (35880.00 290.85)
    (35940.00 290.92)
    (36000.00 291.00)
    (36060.00 291.08)
    (36120.00 291.15)
    (36180.00 291.23)
    (36240.00 291.30)
    (36300.00 291.38)
    (36360.00 291.45)
    (36420.00 291.52)
    (36480.00 291.60)
    (36540.00 291.67)
    (36600.00 291.75)
    (36660.00 291.82)
    (36720.00 291.89)
    (36780.00 291.97)
    (36840.00 292.04)
    (36900.00 292.11)
    (36960.00 292.18)
    (37020.00 292.26)
    (37080.00 292.33)
    (37140.00 292.40)
    (37200.00 292.47)
    (37260.00 292.54)
    (37320.00 292.61)
    (37380.00 292.68)
    (37440.00 292.76)
    (37500.00 292.83)
    (37560.00 292.90)
    (37620.00 292.97)
    (37680.00 293.04)
    (37740.00 293.11)
    (37800.00 293.18)
    (37860.00 293.24)
    (37920.00 293.31)
    (37980.00 293.38)
    (38040.00 293.45)
    (38100.00 293.52)
    (38160.00 293.59)
    (38220.00 293.65)
    (38280.00 293.72)
    (38340.00 293.79)
    (38400.00 293.86)
    (38460.00 293.92)
    (38520.00 293.99)
    (38580.00 294.06)
    (38640.00 294.12)
    (38700.00 294.19)
    (38760.00 294.25)
    (38820.00 294.32)
    (38880.00 294.38)
    (38940.00 294.45)
    (39000.00 294.51)
    (39060.00 294.58)
    (39120.00 294.64)
    (39180.00 294.70)
    (39240.00 294.77)
    (39300.00 294.83)
    (39360.00 294.89)
    (39420.00 294.96)
    (39480.00 295.02)
    (39540.00 295.08)
    (39600.00 295.14)
    (39660.00 295.20)
    (39720.00 295.27)
    (39780.00 295.33)
    (39840.00 295.39)
    (39900.00 295.45)
    (39960.00 295.51)
    (40020.00 295.57)
    (40080.00 295.63)
    (40140.00 295.69)
    (40200.00 295.75)
    (40260.00 295.80)
    (40320.00 295.86)
    (40380.00 295.92)
    (40440.00 295.98)
    (40500.00 296.04)
    (40560.00 296.09)
    (40620.00 296.15)
    (40680.00 296.21)
    (40740.00 296.26)
    (40800.00 296.32)
    (40860.00 296.38)
    (40920.00 296.43)
    (40980.00 296.49)
    (41040.00 296.54)
    (41100.00 296.60)
    (41160.00 296.65)
    (41220.00 296.71)
    (41280.00 296.76)
    (41340.00 296.81)
    (41400.00 296.87)
    (41460.00 296.92)
    (41520.00 296.97)
    (41580.00 297.03)
    (41640.00 297.08)
    (41700.00 297.13)
    (41760.00 297.18)
    (41820.00 297.23)
    (41880.00 297.28)
    (41940.00 297.33)
    (42000.00 297.38)
    (42060.00 297.43)
    (42120.00 297.48)
    (42180.00 297.53)
    (42240.00 297.58)
    (42300.00 297.63)
    (42360.00 297.68)
    (42420.00 297.73)
    (42480.00 297.77)
    (42540.00 297.82)
    (42600.00 297.87)
    (42660.00 297.91)
    (42720.00 297.96)
    (42780.00 298.01)
    (42840.00 298.05)
    (42900.00 298.10)
    (42960.00 298.14)
    (43020.00 298.19)
    (43080.00 298.23)
    (43140.00 298.28)
    (43200.00 298.32)
    (43260.00 298.36)
    (43320.00 298.41)
    (43380.00 298.45)
    (43440.00 298.49)
    (43500.00 298.53)
    (43560.00 298.58)
    (43620.00 298.62)
    (43680.00 298.66)
    (43740.00 298.70)
    (43800.00 298.74)
    (43860.00 298.78)
    (43920.00 298.82)
    (43980.00 298.86)
    (44040.00 298.90)
    (44100.00 298.94)
    (44160.00 298.98)
    (44220.00 299.01)
    (44280.00 299.05)
    (44340.00 299.09)
    (44400.00 299.13)
    (44460.00 299.16)
    (44520.00 299.20)
    (44580.00 299.24)
    (44640.00 299.27)
    (44700.00 299.31)
    (44760.00 299.34)
    (44820.00 299.38)
    (44880.00 299.41)
    (44940.00 299.44)
    (45000.00 299.48)
    (45060.00 299.51)
    (45120.00 299.54)
    (45180.00 299.58)
    (45240.00 299.61)
    (45300.00 299.64)
    (45360.00 299.67)
    (45420.00 299.70)
    (45480.00 299.73)
    (45540.00 299.76)
    (45600.00 299.79)
    (45660.00 299.82)
    (45720.00 299.85)
    (45780.00 299.88)
    (45840.00 299.91)
    (45900.00 299.94)
    (45960.00 299.97)
    (46020.00 299.99)
    (46080.00 300.02)
    (46140.00 300.05)
    (46200.00 300.07)
    (46260.00 300.10)
    (46320.00 300.13)
    (46380.00 300.15)
    (46440.00 300.18)
    (46500.00 300.20)
    (46560.00 300.23)
    (46620.00 300.25)
    (46680.00 300.27)
    (46740.00 300.30)
    (46800.00 300.32)
    (46860.00 300.34)
    (46920.00 300.36)
    (46980.00 300.38)
    (47040.00 300.41)
    (47100.00 300.43)
    (47160.00 300.45)
    (47220.00 300.47)
    (47280.00 300.49)
    (47340.00 300.51)
    (47400.00 300.53)
    (47460.00 300.54)
    (47520.00 300.56)
    (47580.00 300.58)
    (47640.00 300.60)
    (47700.00 300.62)
    (47760.00 300.63)
    (47820.00 300.65)
    (47880.00 300.67)
    (47940.00 300.68)
    (48000.00 300.70)
    (48060.00 300.71)
    (48120.00 300.73)
    (48180.00 300.74)
    (48240.00 300.75)
    (48300.00 300.77)
    (48360.00 300.78)
    (48420.00 300.79)
    (48480.00 300.81)
    (48540.00 300.82)
    (48600.00 300.83)
    (48660.00 300.84)
    (48720.00 300.85)
    (48780.00 300.86)
    (48840.00 300.87)
    (48900.00 300.88)
    (48960.00 300.89)
    (49020.00 300.90)
    (49080.00 300.91)
    (49140.00 300.92)
    (49200.00 300.92)
    (49260.00 300.93)
    (49320.00 300.94)
    (49380.00 300.95)
    (49440.00 300.95)
    (49500.00 300.96)
    (49560.00 300.96)
    (49620.00 300.97)
    (49680.00 300.97)
    (49740.00 300.98)
    (49800.00 300.98)
    (49860.00 300.98)
    (49920.00 300.99)
    (49980.00 300.99)
    (50040.00 300.99)
    (50100.00 301.00)
    (50160.00 301.00)
    (50220.00 301.00)
    (50280.00 301.00)
    (50340.00 301.00)
    (50400.00 301.00)
    (50460.00 301.00)
    (50520.00 301.00)
    (50580.00 301.00)
    (50640.00 301.00)
    (50700.00 301.00)
    (50760.00 300.99)
    (50820.00 300.99)
    (50880.00 300.99)
    (50940.00 300.98)
    (51000.00 300.98)
    (51060.00 300.98)
    (51120.00 300.97)
    (51180.00 300.97)
    (51240.00 300.96)
    (51300.00 300.96)
    (51360.00 300.95)
    (51420.00 300.95)
    (51480.00 300.94)
    (51540.00 300.93)
    (51600.00 300.92)
    (51660.00 300.92)
    (51720.00 300.91)
    (51780.00 300.90)
    (51840.00 300.89)
    (51900.00 300.88)
    (51960.00 300.87)
    (52020.00 300.86)
    (52080.00 300.85)
    (52140.00 300.84)
    (52200.00 300.83)
    (52260.00 300.82)
    (52320.00 300.81)
    (52380.00 300.79)
    (52440.00 300.78)
    (52500.00 300.77)
    (52560.00 300.75)
    (52620.00 300.74)
    (52680.00 300.73)
    (52740.00 300.71)
    (52800.00 300.70)
    (52860.00 300.68)
    (52920.00 300.67)
    (52980.00 300.65)
    (53040.00 300.63)
    (53100.00 300.62)
    (53160.00 300.60)
    (53220.00 300.58)
    (53280.00 300.56)
    (53340.00 300.54)
    (53400.00 300.53)
    (53460.00 300.51)
    (53520.00 300.49)
    (53580.00 300.47)
    (53640.00 300.45)
    (53700.00 300.43)
    (53760.00 300.41)
    (53820.00 300.38)
    (53880.00 300.36)
    (53940.00 300.34)
    (54000.00 300.32)
    (54060.00 300.30)
    (54120.00 300.27)
    (54180.00 300.25)
    (54240.00 300.23)
    (54300.00 300.20)
    (54360.00 300.18)
    (54420.00 300.15)
    (54480.00 300.13)
    (54540.00 300.10)
    (54600.00 300.07)
    (54660.00 300.05)
    (54720.00 300.02)
    (54780.00 299.99)
    (54840.00 299.97)
    (54900.00 299.94)
    (54960.00 299.91)
    (55020.00 299.88)
    (55080.00 299.85)
    (55140.00 299.82)
    (55200.00 299.79)
    (55260.00 299.76)
    (55320.00 299.73)
    (55380.00 299.70)
    (55440.00 299.67)
    (55500.00 299.64)
    (55560.00 299.61)
    (55620.00 299.58)
    (55680.00 299.54)
    (55740.00 299.51)
    (55800.00 299.48)
    (55860.00 299.44)
    (55920.00 299.41)
    (55980.00 299.38)
    (56040.00 299.34)
    (56100.00 299.31)
    (56160.00 299.27)
    (56220.00 299.24)
    (56280.00 299.20)
    (56340.00 299.16)
    (56400.00 299.13)
    (56460.00 299.09)
    (56520.00 299.05)
    (56580.00 299.01)
    (56640.00 298.98)
    (56700.00 298.94)
    (56760.00 298.90)
    (56820.00 298.86)
    (56880.00 298.82)
    (56940.00 298.78)
    (57000.00 298.74)
    (57060.00 298.70)
    (57120.00 298.66)
    (57180.00 298.62)
    (57240.00 298.58)
    (57300.00 298.53)
    (57360.00 298.49)
    (57420.00 298.45)
    (57480.00 298.41)
    (57540.00 298.36)
    (57600.00 298.32)
    (57660.00 298.28)
    (57720.00 298.23)
    (57780.00 298.19)
    (57840.00 298.14)
    (57900.00 298.10)
    (57960.00 298.05)
    (58020.00 298.01)
    (58080.00 297.96)
    (58140.00 297.91)
    (58200.00 297.87)
    (58260.00 297.82)
    (58320.00 297.77)
    (58380.00 297.73)
    (58440.00 297.68)
    (58500.00 297.63)
    (58560.00 297.58)
    (58620.00 297.53)
    (58680.00 297.48)
    (58740.00 297.43)
    (58800.00 297.38)
    (58860.00 297.33)
    (58920.00 297.28)
    (58980.00 297.23)
    (59040.00 297.18)
    (59100.00 297.13)
    (59160.00 297.08)
    (59220.00 297.03)
    (59280.00 296.97)
    (59340.00 296.92)
    (59400.00 296.87)
    (59460.00 296.81)
    (59520.00 296.76)
    (59580.00 296.71)
    (59640.00 296.65)
    (59700.00 296.60)
    (59760.00 296.54)
    (59820.00 296.49)
    (59880.00 296.43)
    (59940.00 296.38)
    (60000.00 296.32)
    (60060.00 296.26)
    (60120.00 296.21)
    (60180.00 296.15)
    (60240.00 296.09)
    (60300.00 296.04)
    (60360.00 295.98)
    (60420.00 295.92)
    (60480.00 295.86)
    (60540.00 295.80)
    (60600.00 295.75)
    (60660.00 295.69)
    (60720.00 295.63)
    (60780.00 295.57)
    (60840.00 295.51)
    (60900.00 295.45)
    (60960.00 295.39)
    (61020.00 295.33)
    (61080.00 295.27)
    (61140.00 295.20)
    (61200.00 295.14)
    (61260.00 295.08)
    (61320.00 295.02)
    (61380.00 294.96)
    (61440.00 294.89)
    (61500.00 294.83)
    (61560.00 294.77)
    (61620.00 294.70)
    (61680.00 294.64)
    (61740.00 294.58)
    (61800.00 294.51)
    (61860.00 294.45)
    (61920.00 294.38)
    (61980.00 294.32)
    (62040.00 294.25)
    (62100.00 294.19)
    (62160.00 294.12)
    (62220.00 294.06)
    (62280.00 293.99)
    (62340.00 293.92)
    (62400.00 293.86)
    (62460.00 293.79)
    (62520.00 293.72)
    (62580.00 293.65)
    (62640.00 293.59)
    (62700.00 293.52)
    (62760.00 293.45)
    (62820.00 293.38)
    (62880.00 293.31)
    (62940.00 293.24)
    (63000.00 293.18)
    (63060.00 293.11)
    (63120.00 293.04)
    (63180.00 292.97)
    (63240.00 292.90)
    (63300.00 292.83)
    (63360.00 292.76)
    (63420.00 292.68)
    (63480.00 292.61)
    (63540.00 292.54)
    (63600.00 292.47)
    (63660.00 292.40)
    (63720.00 292.33)
    (63780.00 292.26)
    (63840.00 292.18)
    (63900.00 292.11)
    (63960.00 292.04)
    (64020.00 291.97)
    (64080.00 291.89)
    (64140.00 291.82)
    (64200.00 291.75)
    (64260.00 291.67)
    (64320.00 291.60)
    (64380.00 291.52)
    (64440.00 291.45)
    (64500.00 291.38)
    (64560.00 291.30)
    (64620.00 291.23)
    (64680.00 291.15)
    (64740.00 291.08)
    (64800.00 291.00)
    (64860.00 290.92)
    (64920.00 290.85)
    (64980.00 290.77)
    (65040.00 290.70)
    (65100.00 290.62)
    (65160.00 290.54)
    (65220.00 290.47)
    (65280.00 290.39)
    (65340.00 290.31)
    (65400.00 290.23)
    (65460.00 290.16)
    (65520.00 290.08)
    (65580.00 290.00)
    (65640.00 289.92)
    (65700.00 289.85)
    (65760.00 289.77)
    (65820.00 289.69)
    (65880.00 289.61)
    (65940.00 289.53)
    (66000.00 289.45)
    (66060.00 289.37)
    (66120.00 289.29)
    (66180.00 289.21)
    (66240.00 289.13)
    (66300.00 289.05)
    (66360.00 288.97)
    (66420.00 288.89)
    (66480.00 288.81)
    (66540.00 288.73)
    (66600.00 288.65)
    (66660.00 288.57)
    (66720.00 288.49)
    (66780.00 288.41)
    (66840.00 288.33)
    (66900.00 288.25)
    (66960.00 288.17)
    (67020.00 288.09)
    (67080.00 288.00)
    (67140.00 287.92)
    (67200.00 287.84)
    (67260.00 287.76)
    (67320.00 287.68)
    (67380.00 287.59)
    (67440.00 287.51)
    (67500.00 287.43)
    (67560.00 287.35)
    (67620.00 287.26)
    (67680.00 287.18)
    (67740.00 287.10)
    (67800.00 287.01)
    (67860.00 286.93)
    (67920.00 286.85)
    (67980.00 286.76)
    (68040.00 286.68)
    (68100.00 286.60)
    (68160.00 286.51)
    (68220.00 286.43)
    (68280.00 286.34)
    (68340.00 286.26)
    (68400.00 286.18)
    (68460.00 286.09)
    (68520.00 286.01)
    (68580.00 285.92)
    (68640.00 285.84)
    (68700.00 285.75)
    (68760.00 285.67)
    (68820.00 285.58)
    (68880.00 285.50)
    (68940.00 285.41)
    (69000.00 285.33)
    (69060.00 285.24)
    (69120.00 285.16)
    (69180.00 285.07)
    (69240.00 284.99)
    (69300.00 284.90)
    (69360.00 284.82)
    (69420.00 284.73)
    (69480.00 284.64)
    (69540.00 284.56)
    (69600.00 284.47)
    (69660.00 284.39)
    (69720.00 284.30)
    (69780.00 284.21)
    (69840.00 284.13)
    (69900.00 284.04)
    (69960.00 283.96)
    (70020.00 283.87)
    (70080.00 283.78)
    (70140.00 283.70)
    (70200.00 283.61)
    (70260.00 283.52)
    (70320.00 283.44)
    (70380.00 283.35)
    (70440.00 283.26)
    (70500.00 283.18)
    (70560.00 283.09)
    (70620.00 283.00)
    (70680.00 282.92)
    (70740.00 282.83)
    (70800.00 282.74)
    (70860.00 282.66)
    (70920.00 282.57)
    (70980.00 282.48)
    (71040.00 282.40)
    (71100.00 282.31)
    (71160.00 282.22)
    (71220.00 282.13)
    (71280.00 282.05)
    (71340.00 281.96)
    (71400.00 281.87)
    (71460.00 281.79)
    (71520.00 281.70)
    (71580.00 281.61)
    (71640.00 281.52)
    (71700.00 281.44)
    (71760.00 281.35)
    (71820.00 281.26)
    (71880.00 281.17)
    (71940.00 281.09)
    (72000.00 281.00)
    (72060.00 280.91)
    (72120.00 280.83)
    (72180.00 280.74)
    (72240.00 280.65)
    (72300.00 280.56)
    (72360.00 280.48)
    (72420.00 280.39)
    (72480.00 280.30)
    (72540.00 280.21)
    (72600.00 280.13)
    (72660.00 280.04)
    (72720.00 279.95)
    (72780.00 279.87)
    (72840.00 279.78)
    (72900.00 279.69)
    (72960.00 279.60)
    (73020.00 279.52)
    (73080.00 279.43)
    (73140.00 279.34)
    (73200.00 279.26)
    (73260.00 279.17)
    (73320.00 279.08)
    (73380.00 279.00)
    (73440.00 278.91)
    (73500.00 278.82)
    (73560.00 278.74)
    (73620.00 278.65)
    (73680.00 278.56)
    (73740.00 278.48)
    (73800.00 278.39)
    (73860.00 278.30)
    (73920.00 278.22)
    (73980.00 278.13)
    (74040.00 278.04)
    (74100.00 277.96)
    (74160.00 277.87)
    (74220.00 277.79)
    (74280.00 277.70)
    (74340.00 277.61)
    (74400.00 277.53)
    (74460.00 277.44)
    (74520.00 277.36)
    (74580.00 277.27)
    (74640.00 277.18)
    (74700.00 277.10)
    (74760.00 277.01)
    (74820.00 276.93)
    (74880.00 276.84)
    (74940.00 276.76)
    (75000.00 276.67)
    (75060.00 276.59)
    (75120.00 276.50)
    (75180.00 276.42)
    (75240.00 276.33)
    (75300.00 276.25)
    (75360.00 276.16)
    (75420.00 276.08)
    (75480.00 275.99)
    (75540.00 275.91)
    (75600.00 275.82)
    (75660.00 275.74)
    (75720.00 275.66)
    (75780.00 275.57)
    (75840.00 275.49)
    (75900.00 275.40)
    (75960.00 275.32)
    (76020.00 275.24)
    (76080.00 275.15)
    (76140.00 275.07)
    (76200.00 274.99)
    (76260.00 274.90)
    (76320.00 274.82)
    (76380.00 274.74)
    (76440.00 274.65)
    (76500.00 274.57)
    (76560.00 274.49)
    (76620.00 274.41)
    (76680.00 274.32)
    (76740.00 274.24)
    (76800.00 274.16)
    (76860.00 274.08)
    (76920.00 274.00)
    (76980.00 273.91)
    (77040.00 273.83)
    (77100.00 273.75)
    (77160.00 273.67)
    (77220.00 273.59)
    (77280.00 273.51)
    (77340.00 273.43)
    (77400.00 273.35)
    (77460.00 273.27)
    (77520.00 273.19)
    (77580.00 273.11)
    (77640.00 273.03)
    (77700.00 272.95)
    (77760.00 272.87)
    (77820.00 272.79)
    (77880.00 272.71)
    (77940.00 272.63)
    (78000.00 272.55)
    (78060.00 272.47)
    (78120.00 272.39)
    (78180.00 272.31)
    (78240.00 272.23)
    (78300.00 272.15)
    (78360.00 272.08)
    (78420.00 272.00)
    (78480.00 271.92)
    (78540.00 271.84)
    (78600.00 271.77)
    (78660.00 271.69)
    (78720.00 271.61)
    (78780.00 271.53)
    (78840.00 271.46)
    (78900.00 271.38)
    (78960.00 271.30)
    (79020.00 271.23)
    (79080.00 271.15)
    (79140.00 271.08)
    (79200.00 271.00)
    (79260.00 270.92)
    (79320.00 270.85)
    (79380.00 270.77)
    (79440.00 270.70)
    (79500.00 270.62)
    (79560.00 270.55)
    (79620.00 270.48)
    (79680.00 270.40)
    (79740.00 270.33)
    (79800.00 270.25)
    (79860.00 270.18)
    (79920.00 270.11)
    (79980.00 270.03)
    (80040.00 269.96)
    (80100.00 269.89)
    (80160.00 269.82)
    (80220.00 269.74)
    (80280.00 269.67)
    (80340.00 269.60)
    (80400.00 269.53)
    (80460.00 269.46)
    (80520.00 269.39)
    (80580.00 269.32)
    (80640.00 269.24)
    (80700.00 269.17)
    (80760.00 269.10)
    (80820.00 269.03)
    (80880.00 268.96)
    (80940.00 268.89)
    (81000.00 268.82)
    (81060.00 268.76)
    (81120.00 268.69)
    (81180.00 268.62)
    (81240.00 268.55)
    (81300.00 268.48)
    (81360.00 268.41)
    (81420.00 268.35)
    (81480.00 268.28)
    (81540.00 268.21)
    (81600.00 268.14)
    (81660.00 268.08)
    (81720.00 268.01)
    (81780.00 267.94)
    (81840.00 267.88)
    (81900.00 267.81)
    (81960.00 267.75)
    (82020.00 267.68)
    (82080.00 267.62)
    (82140.00 267.55)
    (82200.00 267.49)
    (82260.00 267.42)
    (82320.00 267.36)
    (82380.00 267.30)
    (82440.00 267.23)
    (82500.00 267.17)
    (82560.00 267.11)
    (82620.00 267.04)
    (82680.00 266.98)
    (82740.00 266.92)
    (82800.00 266.86)
    (82860.00 266.80)
    (82920.00 266.73)
    (82980.00 266.67)
    (83040.00 266.61)
    (83100.00 266.55)
    (83160.00 266.49)
    (83220.00 266.43)
    (83280.00 266.37)
    (83340.00 266.31)
    (83400.00 266.25)
    (83460.00 266.20)
    (83520.00 266.14)
    (83580.00 266.08)
    (83640.00 266.02)
    (83700.00 265.96)
    (83760.00 265.91)
    (83820.00 265.85)
    (83880.00 265.79)
    (83940.00 265.74)
    (84000.00 265.68)
    (84060.00 265.62)
    (84120.00 265.57)
    (84180.00 265.51)
    (84240.00 265.46)
    (84300.00 265.40)
    (84360.00 265.35)
    (84420.00 265.29)
    (84480.00 265.24)
    (84540.00 265.19)
    (84600.00 265.13)
    (84660.00 265.08)
    (84720.00 265.03)
    (84780.00 264.97)
    (84840.00 264.92)
    (84900.00 264.87)
    (84960.00 264.82)
    (85020.00 264.77)
    (85080.00 264.72)
    (85140.00 264.67)
    (85200.00 264.62)
    (85260.00 264.57)
    (85320.00 264.52)
    (85380.00 264.47)
    (85440.00 264.42)
    (85500.00 264.37)
    (85560.00 264.32)
    (85620.00 264.27)
    (85680.00 264.23)
    (85740.00 264.18)
    (85800.00 264.13)
    (85860.00 264.09)
    (85920.00 264.04)
    (85980.00 263.99)
    (86040.00 263.95)
    (86100.00 263.90)
    (86160.00 263.86)
    (86220.00 263.81)
    (86280.00 263.77)
    (86340.00 263.72)
    (86400.00 263.68)
)